0.0	0.0	1.0	12000.0	-0.22048934991824076	0.06304930588016688	-0.0864503851291829	0.24167032070158712	0.13403896478905786	0.17862101482142023	-0.22507329837543466	-0.7522693066408692
0.0	0.0	2.0	12000.0	0.8311986794572013	-1.041999936182668	1.9623352835878904	-0.10561693900513092	1.1311366041306892	0.936382997177537	-2.1119456949708706	-2.289560213043657
0.0	1.0	2.0	12000.0	1.0558550784059602	-1.1225946067802193	2.0487856687170733	-0.34728725970671803	0.9929305903111132	0.7753073470735012	-1.886872396595436	-1.537290906402788
1.0	3.0	4.0	21000.0	-1.6043906748081884	-0.6266334997862906	-3.9691531651315017	-1.4195973731787035	-2.3647624903233133	-0.7929638733924129	-0.6307256812354467	-0.008718653588147163
1.0	3.0	5.0	21000.0	-1.4302010545709205	-3.0347511417944846	-4.062194581383665	-6.994937000758455	-2.631993526812744	-3.9601858589639702	-0.3087601093285599	0.1845041531931173
1.0	4.0	5.0	21000.0	0.16819193303850177	-2.378465823577762	-0.09304141625216289	-5.575339627579751	-0.26123334929066466	-3.1968738040019895	0.3219655719068868	0.19322280678126447
2.0	6.0	7.0	11000.0	-0.3069421547681319	1.0061651771717983	2.201259231317181	2.715019662089162	2.5082013860853127	1.7088544849173637	1.0400790402113955	1.1164373740124063
2.0	6.0	8.0	11000.0	-0.12893540891967703	-1.0030630088352401	3.520688392231932	-0.6482874319019629	3.649623801151609	0.3547755769332772	1.7373032827362636	0.9736309045568703
2.0	7.0	8.0	11000.0	0.18568917339998325	-2.0392297123682326	1.3194291609147513	-3.363307093991125	1.133739987514768	-1.3240773816228923	0.697224242524868	-0.142806469455536
3.0	9.0	10.0	22000.0	-0.3093900188550709	0.9390128501938237	-1.0996048688800784	1.2270466989145916	-0.7902148500250075	0.28803384872076787	0.07517700610337386	0.4122200268503633
3.0	9.0	11.0	22000.0	-0.6133266681295924	1.7458774779556823	-2.4143581728083063	1.225143304428002	-1.801031504678714	-0.5207341735276803	-1.3437745733299096	-1.6636545722013096
3.0	10.0	11.0	22000.0	-0.2596309189031132	0.7000394649062756	-1.314753303928228	-0.0019033944865896046	-1.0551223850251148	-0.7019428593928652	-1.4189515794332834	-2.075874599051673
4.0	12.0	13.0	22000.0	-2.1558404042870967	1.948459984180107	-4.569148475073234	1.6166018704793714	-2.4133080707861376	-0.3318581137007355	-0.057711280371307794	-0.687735600555456
4.0	12.0	14.0	22000.0	-6.544331860540225	1.7427382093458235	-11.032288146418068	-0.07969407743212287	-4.487956285877843	-1.8224322867779463	-0.5984588764965082	-0.650906476455333
4.0	13.0	14.0	22000.0	-4.316868241519817	-0.21456112800517957	-6.463139671344834	-1.6962959479114943	-2.146271429825017	-1.4817348199063147	-0.5407475961252004	0.03682912410012307
5.0	15.0	16.0	12000.0	-1.2805045878354875	-1.2132056585529183	-2.5644200589051707	-1.596732729090263	-1.2839154710696832	-0.3835270705373448	0.6206464009411832	1.0614706916209258
5.0	15.0	17.0	12000.0	-3.0039494702910163	-0.6368037230387014	-6.803588596181044	-0.2511270450806933	-3.7996391258900273	0.3856766779580081	0.824055976992085	1.1134491631924988
5.0	16.0	17.0	12000.0	-1.691300179148831	0.5560439426886417	-4.239168537275873	1.3456056840095698	-2.547868358127042	0.7895617413209282	0.20340957605090182	0.05197847157157298
6.0	18.0	19.0	11000.0	-0.012718353447379371	-1.702802305761442	-0.30070236947358353	-2.143339677004633	-0.28798401602620416	-0.4405373712431908	-0.2096158463825759	0.2647487549467513
6.0	18.0	20.0	11000.0	0.5403318592899087	-2.844472302954454	1.0243030063911647	-4.019961152794849	0.483971147101256	-1.175488849840395	0.1454287915444752	0.23697877852768556
6.0	19.0	20.0	11000.0	0.5573794098077798	-1.1433132344991703	1.3250053758647482	-1.8766214757902162	0.7676259660569684	-0.7333082412910459	0.3550446379270511	-0.027769976419065756
7.0	21.0	22.0	21000.0	-1.3012642388085967	0.37882018702654285	-2.295474204589482	0.14824731829480697	-0.9942099657808852	-0.23057286873173588	0.23482312268545513	0.16522653438188684
7.0	21.0	23.0	21000.0	-3.0078539905330786	2.878131683678096	-6.176251829279408	2.73198366956035	-3.16839783874633	-0.14614801411774625	0.7938785205973318	0.7968618985019731
7.0	22.0	23.0	21000.0	-1.7089862943477314	2.470341080041793	-3.8807776246899266	2.583736351265543	-2.171791330342195	0.11339527122374982	0.5590553979118766	0.6316353641200863
8.0	24.0	25.0	11000.0	-0.31138311012050135	0.9781693695787803	-1.010053356701519	0.7260997317109741	-0.6986702465810177	-0.25206963786780623	0.7712420425052215	-0.24323190903795933
8.0	24.0	26.0	11000.0	-1.039382315683179	1.5863790134932678	-2.0191583922305654	1.3893107935480202	-0.9797760765473864	-0.1970682199452476	2.0805021134970616	1.1502217226648241
8.0	25.0	26.0	11000.0	-0.7254917291912326	0.5727484617391907	-1.0091050355290463	0.6632110618370461	-0.2836133063378137	0.09046260009785545	1.30926007099184	1.3934536317027835
9.0	27.0	28.0	12000.0	0.24744750087146894	-0.8750155606201213	-0.4275289429510849	-1.0875629727825071	-0.6749764438225538	-0.21254741216238582	0.511026405312947	0.9717889177696293
9.0	27.0	29.0	12000.0	0.167807606365872	0.9491691895297762	-0.7059836518856173	2.2444701309518678	-0.8737912582514893	1.2953009414220915	-0.43670589989577024	0.017077355825023233
9.0	28.0	29.0	12000.0	-0.06979165594597969	1.854721197907458	-0.2784547089345324	3.332033103734375	-0.2086630529885527	1.4773119058269168	-0.9477323052087172	-0.954711561944606
10.0	30.0	31.0	22000.0	-0.027675823200898897	-1.5948123029576742	0.44978393805104133	-0.9815300709426538	0.47745976125194023	0.6132822320150204	0.09066074284801573	0.8573013249727808
10.0	30.0	32.0	22000.0	0.1758765399334692	-3.8281503532760395	1.1281172871447325	-5.327925462642497	0.9522407472112633	-1.4997751093664577	-0.1762467541808661	-0.6496512831871968
10.0	31.0	32.0	22000.0	0.19129754157926815	-2.2266270344309342	0.6783333490936911	-4.3463953916998435	0.487035807514423	-2.119768357268909	-0.26690749702888183	-1.5069526081599776
11.0	33.0	34.0	21000.0	-2.26630406052369	7.3825418446504605	-3.946734368511443	13.844755177321986	-1.680430307987753	6.462213332671525	1.1730739333646056	1.3786842731821025
11.0	33.0	35.0	21000.0	-1.369904032470986	10.433263787560204	-4.038528128667167	19.506815742312938	-2.668624096196181	9.073551954752734	0.9365983294687936	-0.11055191130319031
11.0	34.0	35.0	21000.0	0.8741814413904541	3.0880747984635946	-0.09179376015572416	5.662060564990952	-0.9659752015461782	2.5739857665273576	-0.23647560389581201	-1.4892361844852928
12.0	36.0	37.0	21000.0	0.026087039968325954	-2.1196406397520713	1.0212686809384195	-3.8290565465654254	0.9951816409700935	-1.709415906813354	0.009898573705442004	0.29861031666224847
12.0	36.0	38.0	21000.0	0.4136682219347927	-3.2320506978046053	0.8992976869990343	-5.032271989203764	0.48562946506424165	-1.8002212913991587	-0.10816541788634026	0.15360952970576136
12.0	37.0	38.0	21000.0	0.37750538612270823	-1.0870451113023982	-0.12197099393938515	-1.2032154426383386	-0.4994763800620934	-0.11617033133594035	-0.11806399159178227	-0.1450007869564871
13.0	39.0	40.0	11000.0	-0.18499831122759947	1.7285773087965817	-3.0799345930468007	1.127415235531771	-2.8949362818192013	-0.6011620732648106	1.268808133812584	0.4878068673547489
13.0	39.0	41.0	11000.0	0.6733954393555868	2.4406051165349316	1.0778344549132726	1.074869639071494	0.4044390155576858	-1.3657354774634376	0.13160119093741685	-0.2856975614211166
13.0	40.0	41.0	11000.0	0.8397789871562322	0.7392095415387896	4.157769047960073	-0.05254559646027701	3.317990060803841	-0.7917551379990666	-1.1372069428751672	-0.7735044287758654
14.0	42.0	43.0	12000.0	-0.5688709834649162	2.6780609208237536	-0.08882448294843925	2.3033945193944874	0.4800465005164769	-0.3746664014292662	-1.5199370522431508	-1.4271736512979203
14.0	42.0	44.0	12000.0	-1.826049491609889	2.305327242882038	-3.3608473627818967	3.1922278133217787	-1.5347978711720076	0.8869005704397406	-1.0639075264390954	-0.8429128273185995
14.0	43.0	44.0	12000.0	-1.2038279025692695	-0.3568237628528994	-3.2720228798334574	0.8888332939272914	-2.068194977264188	1.2456570567801908	0.4560295258040554	0.5842608239793208
15.0	45.0	46.0	22000.0	0.1093919910290797	0.710468107714922	-0.5789429830158497	2.1480272352591783	-0.6883349740449294	1.4375591275442563	0.8147932760392109	0.44211434420977014
15.0	45.0	47.0	22000.0	1.2874066145789795	1.1510069761237416	0.18129644371333598	3.8522120924042156	-1.1061101708656436	2.701205116280474	-0.12089827583298529	-0.18351817329843811
15.0	46.0	47.0	22000.0	1.1425304152715654	0.3915419451435289	0.7602394267291857	1.7041848571450373	-0.38229098854237975	1.3126429120015084	-0.9356915518721962	-0.6256325175082083
16.0	48.0	49.0	21000.0	-0.1968011034873216	-0.9797873352787336	0.4585563398213708	-0.9991672783580725	0.6553574433086924	-0.01937994307933888	0.9026039811294169	1.115866853496371
16.0	48.0	50.0	21000.0	-1.235904075399226	-2.0868478111750584	-0.4524854120111286	-3.5002383527594247	0.7834186633880975	-1.4133905415843664	0.9116133503108301	0.5456051381362386
16.0	49.0	50.0	21000.0	-1.0125117379044362	-1.060145244172836	-0.9110417518324994	-2.5010710744013522	0.1014699860719368	-1.4409258302285162	0.009009369181413263	-0.5702617153601324
17.0	51.0	52.0	11000.0	2.0044950871802367	-1.0432972755258456	-2.777636915297535	-0.6845588200085331	-4.782132002477772	0.35873845551731254	0.31373705379317585	-0.04531525334222408
17.0	51.0	53.0	11000.0	4.88284431398024	-1.9088836875889932	1.4229486476601778	-0.5736102485527681	-3.4598956663200626	1.335273439036225	0.2930251112655071	0.12621666438572277
17.0	52.0	53.0	11000.0	2.859670230122293	-0.8868847649539529	4.200585562957713	0.11094857145576498	1.3409153328354195	0.9978333364097178	-0.020711942527668725	0.17153191772794685
18.0	54.0	55.0	22000.0	0.3614511870300756	0.687522435168594	-0.0534034164154491	2.0341061572730723	-0.4148546034455247	1.3465837221044783	-1.0936463287481502	-0.323330739338374
18.0	54.0	56.0	22000.0	-0.27771002057763283	0.9029203538980726	-1.0342904663355057	1.0739058280646532	-0.7565804457578729	0.1709854741665806	-1.562624444013494	-1.0310924032849869
18.0	55.0	56.0	22000.0	-0.6447470433525551	0.1517583050053819	-0.9808870499200566	-0.9602003292084191	-0.33614000656750154	-1.111958634213801	-0.46897811526534383	-0.7077616639466129
19.0	57.0	58.0	12000.0	-0.8809930222084486	0.34939736904653085	-0.8532462803323142	0.3857404537175171	0.02774674187613435	0.036343084670986237	-1.481626927299743	-1.0681233538077777
19.0	57.0	59.0	12000.0	-0.8114428540508802	2.0192441406724315	-1.0995617377177496	4.028805265667188	-0.28811888366686933	2.0095611249947565	-0.6943547230002594	0.2633379898778401
19.0	58.0	59.0	12000.0	0.065517449737027	1.6188188523683582	-0.24631545738543537	3.643064811949671	-0.31183290712246237	2.0242459595813127	0.7872722042994837	1.3314613436856177
20.0	60.0	61.0	11000.0	-1.6219477259488126	1.137523728056025	-2.3777390880950406	2.3946597602941893	-0.755791362146228	1.2571360322381642	-0.17445706444823372	-0.17718554609955106
20.0	60.0	62.0	11000.0	-1.5997438156412525	1.9550487638087164	-1.8713556083830554	3.479108730645976	-0.2716117927418029	1.5240599668372594	-0.6366688641388123	-0.6170020592427079
20.0	61.0	62.0	11000.0	0.07241124213192052	0.7490635681713824	0.5063834797119853	1.0844489703517866	0.43397223758006476	0.33538540218040414	-0.4622117996905786	-0.43981651314315684
21.0	63.0	64.0	12000.0	0.3944227470056658	-1.2994791285221057	1.0381325053494947	-1.4164971201237222	0.6437097583438289	-0.11701799160161652	-0.38502326529062714	0.10060579749058718
21.0	63.0	65.0	12000.0	0.8797175797889629	-2.3100425997324585	1.5301982221949402	-1.7043797970109154	0.6504806424059772	0.6056628027215432	-0.3399831249765839	0.12166757997056266
21.0	64.0	65.0	12000.0	0.47358814031064256	-0.9237131037498933	0.4920657168454454	-0.28788267688719316	0.018477576534802864	0.6358304268627002	0.04504014031404324	0.021061782479975477
22.0	66.0	67.0	22000.0	2.020510737200148	0.9402549133259273	3.287698528532246	0.6898053506179167	1.2671877913320984	-0.25044956270801055	0.39952117802342	0.4006449983628926
22.0	66.0	68.0	22000.0	1.6898533060360474	-1.339442365179159	4.145342577885003	-3.1143983951960763	2.455489271848956	-1.7749560300169174	-0.3416012144671612	-0.3649684906929025
22.0	67.0	68.0	22000.0	-0.34580558539159423	-2.3036469307676573	0.8576440493527571	-3.804203745813993	1.2034496347443513	-1.5005568150463358	-0.7411223924905812	-0.7656134890557951
23.0	69.0	70.0	21000.0	0.7889835084509871	-1.577493429130314	0.9636921424917091	-2.0204657637636956	0.174708634040722	-0.4429723346333816	1.0550954818613292	1.3222629394367829
23.0	69.0	71.0	21000.0	2.8298748937470197	-2.592340702448289	3.88640547668183	-3.515399041375076	1.0565305829348102	-0.9230583389267872	1.0073937775771782	1.106788189914866
23.0	70.0	71.0	21000.0	2.0378842396137324	-1.0036112742983816	2.922713334190121	-1.4949332776113806	0.8848290945763884	-0.491322003312999	-0.04770170428415099	-0.21547474952191692
24.0	72.0	73.0	21000.0	0.6673328850873679	-1.1951781133285593	1.1830423199153302	-1.6945568905412074	0.5157094348279623	-0.4993787772126481	-0.25393956978982146	0.27591394626445265
24.0	72.0	74.0	21000.0	0.8889639698404057	0.008963182605024045	1.5559371390613705	-1.907216398702758	0.6669731692209648	-1.916179581307782	-0.4618753899571999	0.03417656688587556
24.0	73.0	74.0	21000.0	0.2393610388331524	1.1837906782232954	0.3728948191460404	-0.21265950816155055	0.13353378031288798	-1.396450186384846	-0.20793582016737844	-0.2417373793785771
25.0	75.0	76.0	22000.0	0.1320818608748855	0.7895750417059766	-0.6811784801786871	0.6568475214871796	-0.8132603410535726	-0.13272752021879697	-0.4830237624911007	-0.4860281112538303
25.0	75.0	77.0	22000.0	0.04327948140918636	0.12570767845805175	-1.0658364003907081	-0.6786082630906094	-1.1091158817998945	-0.8043159415486612	-1.1629383292605837	-1.3080932775153542
25.0	76.0	77.0	22000.0	-0.09266686472010743	-0.6406297522958218	-0.38465792021202105	-1.335455784577789	-0.2919910554919136	-0.6948260322819673	-0.679914566769483	-0.8220651662615239
26.0	78.0	79.0	12000.0	0.9102690260200834	1.3905161014165293	0.701709832173492	0.8434489928772564	-0.20855919384659138	-0.5470671085392729	0.020960527880106383	-0.8280507853278323
26.0	78.0	80.0	12000.0	0.5455157173891765	2.0528695259226435	0.046076329796960636	2.697312994011554	-0.49943938759221584	0.6444434680889106	0.0015339619993568476	-0.6630657087104481
26.0	79.0	80.0	12000.0	-0.33891202654359454	0.5739830836945492	-0.6556335023765314	1.8538640011342977	-0.31672147583293686	1.2798809174397485	-0.019426565880749536	0.16498507661738415
27.0	81.0	82.0	11000.0	0.16520046363452234	0.13499555850255351	0.82627358712557	-0.3135073809123696	0.6610731234910476	-0.44850293941492314	-0.1925164822778953	-0.5924226483232076
27.0	81.0	83.0	11000.0	-0.4824141325906339	-0.7656211547787883	0.8730161188777856	-1.4475901427415465	1.3554302514684196	-0.6819689879627582	-0.054129406580386785	-0.40069684652578985
27.0	82.0	83.0	11000.0	-0.7217390674076345	-1.0576118855097345	0.046742531752215655	-1.1340827618291769	0.7684815991598501	-0.07647087631944238	0.13838707569750852	0.19172580179741772
28.0	84.0	85.0	21000.0	0.22349475175932643	-0.14013958524016967	1.6820534181561015	0.21070495906633369	1.4585586663967751	0.35084454430650336	-1.5297320439458133	-0.8918771579104288
28.0	84.0	86.0	21000.0	0.7254436011575098	-1.6037413123405067	4.015686311847503	-0.2571301318739643	3.290242710689993	1.3466111804665424	-1.292201899270495	-0.9634464628029065
28.0	85.0	86.0	21000.0	0.3876267956185835	-1.441460497511322	2.3336328936914015	-0.46783509094029796	1.946006098072818	0.9736254065710241	0.2375301446753184	-0.0715693048924777
29.0	87.0	88.0	22000.0	-1.932172572286781	0.19855728151210705	-4.3038206982039355	-0.5996888460263108	-2.3716481259171545	-0.7982461275384178	1.434247965509627	0.7325744421647329
29.0	87.0	89.0	22000.0	-1.6938067010757747	0.9631150630928111	-4.361552782592071	0.3226161959610181	-2.667746081516296	-0.640498867131793	1.9901183956394846	1.1490860493173756
29.0	88.0	89.0	22000.0	0.23821388762081597	0.6698823683123258	-0.05773208438813526	0.9223050419873289	-0.29594597200895123	0.25242267367500304	0.5558704301298576	0.4165116071526427
30.0	90.0	91.0	12000.0	-0.30065166381660724	1.2061599648546366	-0.5842825790225561	1.7785068216503532	-0.28363091520594885	0.5723468567957166	-0.4571631115984047	-0.21218146044968478
30.0	90.0	92.0	12000.0	0.3687245933502936	1.9851556771791659	0.6965049742591418	4.125431637907695	0.3277803809088482	2.1402759607285295	-0.9878043450800078	-0.19907640048364783
30.0	91.0	92.0	12000.0	0.7115052362184082	0.6692244353459555	1.280787553281698	2.346924816257342	0.5692823170632897	1.6777003809113866	-0.5306412334816031	0.013105059966036947
31.0	93.0	94.0	11000.0	1.1867648931488857	0.6785298518736393	1.9328252037778384	0.5768106694476955	0.7460603106289527	-0.1017191824259438	-0.09923354890638336	-0.32787968584067073
31.0	93.0	95.0	11000.0	0.791516463770991	2.217629423963875	1.7515603422425556	1.950099569377926	0.9600438784715646	-0.26752985458594924	-0.1380431868769989	0.22420645268699957
31.0	94.0	95.0	11000.0	-0.3921974305160534	1.5938406363579256	-0.18126486153528276	1.3732888999302304	0.21093256898077062	-0.2205517364276952	-0.03880963797061554	0.5520861385276703
32.0	96.0	97.0	21000.0	-0.9157268430732968	0.06363907011911962	-1.8373073441562155	-0.31252812695515786	-0.9215805010829188	-0.3761671970742775	-0.024058060205675247	-0.7258213622047549
32.0	96.0	98.0	21000.0	-1.3126535548940028	-0.1843520599643078	-3.2500069753696152	-0.44670034274599857	-1.9373534204756124	-0.26234828278169076	-0.05719085751005082	-0.6155907078528031
32.0	97.0	98.0	21000.0	-0.35443448057524485	-0.2585090687117182	-1.4126996312133997	-0.1341722157908407	-1.0582651506381549	0.12433685292087748	-0.03313279730437557	0.11023065435195178
33.0	99.0	100.0	22000.0	0.515563608165893	-0.8016980090924113	0.08835703399336126	-0.22732721846205095	-0.4272065741725317	0.5743707906303603	0.08956476481191089	0.43798764465145723
33.0	99.0	101.0	22000.0	0.2893604864197252	-1.88700351351544	0.42997915287742217	-2.372891663942937	0.14061866645769694	-0.4858881504274972	0.23896832256409084	0.07893928427029095
33.0	100.0	101.0	22000.0	-0.21295933637853803	-1.0557698573888583	0.3416221188840609	-2.145564445480886	0.5545814552625989	-1.089794588092028	0.14940355775217995	-0.3590483603811663
34.0	102.0	103.0	11000.0	0.8109452635963343	0.07855556446577516	-0.16023089718760275	0.6728392742295455	-0.9711761607839371	0.5942837097637703	0.8766361429606775	-0.5898413100654665
34.0	102.0	104.0	11000.0	0.3694326711924969	-0.018486295445156564	-2.17364294929871	0.5869238493171451	-2.543075620491207	0.6054101447623017	1.29643878601172	-1.9686195106402948
34.0	103.0	104.0	11000.0	-0.3741943254907918	-0.02970466492663526	-2.013412052111107	-0.08591542491240034	-1.6392177266203154	-0.05621075998576508	0.4198026430510424	-1.3787782005748284
35.0	105.0	106.0	12000.0	1.4310807763496287	-0.013600493325291119	1.7537676211077269	0.7385262349980621	0.32268684475809817	0.7521267283233533	0.5234541110525726	0.23475898618380597
35.0	105.0	107.0	12000.0	0.36112815517255203	-0.08385677531066182	0.7723831964049168	1.44880352619748	0.4112550412323648	1.532660301508142	-0.14540267226330172	0.46910980878017483
35.0	106.0	107.0	12000.0	-1.0759060312883886	-0.0863113976703449	-0.9813844247028101	0.710277291199418	0.09452160658557851	0.7965886888697629	-0.6688567833158743	0.23435082259636886
36.0	108.0	109.0	21000.0	0.16023551552024973	0.8046150487546706	-0.1982035452740547	2.4060384271949715	-0.35843906079430443	1.601423378440301	0.5205153017442825	1.667054238295492
36.0	108.0	110.0	21000.0	0.15879240478124057	1.6062052185920868	0.012197262204153958	2.872804596679316	-0.1465951425770866	1.2665993780872293	-0.07421197014225811	-0.2251393555454797
36.0	109.0	110.0	21000.0	0.016341619771602645	0.7241640326552368	0.21040080747820866	0.4667661694843446	0.19405918770660602	-0.2573978631708922	-0.5947272718865406	-1.8921935938409717
37.0	111.0	112.0	12000.0	0.4191358529160665	-1.2851629307586299	1.2008339997555595	-2.4175669482656303	0.781698146839493	-1.1324040175070005	-0.5638251328641672	-0.8483712611848091
37.0	111.0	113.0	12000.0	1.3300058317706656	-1.2001594961447948	3.729361685911954	-1.7373549227017975	2.3993558541412883	-0.5371954265570027	-0.35856324450853094	-0.8271101431003132
37.0	112.0	113.0	12000.0	0.8619181919498375	0.1061323592393606	2.5285276861563943	0.6802120255638329	1.6666094942065568	0.5740796663244723	0.2052618883556363	0.021261118084495934
38.0	114.0	115.0	11000.0	-0.9623453652770193	-1.110622592164633	-0.9215488784002446	-1.8519803913293345	0.04079648687677473	-0.7413577991647013	-0.1191662727516416	0.11400454092559187
38.0	114.0	116.0	11000.0	-3.889948292809681	-3.721052720446157	-2.946960629522664	-5.211570042359199	0.9429876632870169	-1.4905173219130416	0.173212004678021	0.1853921160433174
38.0	115.0	116.0	11000.0	-2.9196946106572685	-2.5723492323695467	-2.0254117511224194	-3.3595896510298644	0.8942828595348491	-0.7872404186603177	0.2923782774296626	0.07138757511772553
39.0	117.0	118.0	22000.0	0.022286431509865423	1.2475929242505197	0.08707590544781851	1.774446575617958	0.06478947393795309	0.5268536513674382	-0.3467240488912182	-0.16662598237651594
39.0	117.0	119.0	22000.0	0.6891293116559671	2.9532450974010303	0.39698432081308965	3.057066572169788	-0.2921449908428775	0.10382147476875758	-0.9051644006916177	-0.9989723575072418
39.0	118.0	119.0	22000.0	0.6678951192344673	1.5866762985675562	0.30990841536527114	1.28261999655183	-0.3579867038691962	-0.3040563020157263	-0.5584403518003995	-0.8323463751307258
40.0	120.0	121.0	12000.0	-0.8561661875059334	-2.4653795413978914	0.7835654393406912	0.8720642147056878	1.6397316268466247	3.3374437561035792	2.3766524625855823	1.5162626826290193
40.0	120.0	122.0	12000.0	-2.553191763571575	-3.3292800961387563	0.11346863377843874	0.6022522006794588	2.6666603973500136	3.931532296818215	-0.6878607839695405	-0.3415969826248926
40.0	121.0	122.0	12000.0	-1.742670082609549	-0.8672211392311704	-0.6700968055622525	-0.269812014026229	1.0725732770472964	0.5974091252049414	-3.064513246555123	-1.8578596652539119
41.0	123.0	124.0	21000.0	-1.3726052291927768	-1.9773827796414523	-2.1630315151073773	-0.4478806190124942	-0.7904262859146005	1.529502160628958	-0.1727227060609664	0.46423612582860585
41.0	123.0	125.0	21000.0	1.0437171097556508	-3.7689392769374734	0.931147965917944	-2.2652622879018054	-0.11256914383770678	1.503676989035668	0.4428783411567565	0.5561307026087974
41.0	124.0	125.0	21000.0	2.4152495424393843	-1.793946572150002	3.0941794810253214	-1.8173816688893112	0.6789299385859371	-0.023435096739309103	0.6156010472177229	0.09189457678019153
42.0	126.0	127.0	11000.0	0.9543719884514887	-1.0788123217331815	-1.0654361070508003	-1.490477235139224	-2.019808095502289	-0.4116649134060424	0.7470637481879407	0.4262706427671361
42.0	126.0	128.0	11000.0	1.1584867365306888	-1.0634722356840163	-0.6476743727084795	-0.006255941587824054	-1.8061611092391683	1.0572162940961922	1.1645514760610354	1.5941326515786614
42.0	127.0	128.0	11000.0	0.2125430636023502	0.01270737026890778	0.4177617343423208	1.4842212935513999	0.20521867073997058	1.471513923282492	0.4174877278730946	1.1678620088115252
43.0	129.0	130.0	22000.0	0.501293562212549	-1.1481512771039704	-1.0232087618473997	-1.462770950580989	-1.5245023240599487	-0.3146196734770186	0.35834974963199784	-0.5102078435245829
43.0	129.0	131.0	22000.0	0.8872720310913857	-0.24742347718629887	-0.055604491030862846	-0.6875986687266504	-0.9428765221222486	-0.44017519154035156	-0.6521640660363914	-0.13228892973833695
43.0	130.0	131.0	22000.0	0.33439422537553654	0.8453153862735183	0.9676042708165369	0.7751722818543385	0.6332100454410003	-0.07014310441917981	-1.0105138156683893	0.377918913786246
44.0	132.0	133.0	12000.0	0.18855572341481075	1.377544403902582	0.5828572322966465	0.9117005088348833	0.3943015088818358	-0.46584389506769863	-0.5105344563086192	-0.24479325982872524
44.0	132.0	134.0	12000.0	-0.1390492189020449	1.4393201361740449	-0.2367624761047864	2.109464782744226	-0.09771325720274149	0.670144646570181	-0.17859614836180526	0.019066640278353475
44.0	133.0	134.0	12000.0	-0.30939654444859865	0.07759512527804624	-0.819619708401433	1.1977642739093426	-0.5102231639528343	1.1201691486312964	0.3319383079468139	0.2638599001070787
45.0	135.0	136.0	11000.0	0.9903364655412625	0.46355660737482296	1.747802154147621	1.1804426206881544	0.7574656886063584	0.7168860133133315	-0.21084064672535874	0.9449589047935802
45.0	135.0	137.0	11000.0	-0.6434253454483132	-1.076706394463983	0.24868283868272556	-0.13076510483301718	0.8921081841310388	0.9459412896309658	-0.1947905936115859	0.09091236394414182
45.0	136.0	137.0	11000.0	-1.640044409412142	-1.529780485254813	-1.4991193154648954	-1.3112077255211716	0.14092509394724662	0.21857275973364132	0.016050053113772833	-0.8540465408494384
46.0	138.0	139.0	22000.0	-4.826436228232139	0.1727703141950041	-6.8694441504385395	-1.362216414429895	-2.0430079222064004	-1.534986728624899	-0.465720451936221	-0.420345425020642
46.0	138.0	140.0	22000.0	-4.30689721133117	-0.4866993069599683	-6.522759367643857	-3.68258103192602	-2.2158621563126877	-3.1958817249660516	-0.4939482156607937	-0.6940093019720734
46.0	139.0	140.0	22000.0	0.45005346264776946	-0.5976986639369635	0.3466847827946822	-2.320364617496125	-0.10336867985308729	-1.7226659535591615	-0.028227763724572696	-0.27366387695143146
47.0	141.0	142.0	21000.0	0.04012862837184894	-1.7415899706888611	1.2989703640096195	-1.9294079752189646	1.2588417356377706	-0.18781800453010344	-1.131841446846721	-1.010671298783123
47.0	141.0	143.0	21000.0	1.8063353925617607	-3.8697664507952014	3.5530461753373856	-3.6012455108611903	1.746710782775625	0.26852093993401116	-1.3312235150688139	-1.2098556385102341
47.0	142.0	143.0	21000.0	1.7361215961948817	-2.1369975274187176	2.254075811327766	-1.6718375356422257	0.5179542151328844	0.4651599917764919	-0.1993820682220928	-0.19918433972711114
48.0	144.0	145.0	22000.0	-1.297122907788852	-1.6265623078179399	-1.5588263371409994	-2.436453787437813	-0.2617034293521474	-0.8098914796198731	-0.20133266614070067	0.17473853771734582
48.0	144.0	146.0	22000.0	-1.2713396687944352	-2.893891826027944	-1.2602969837989804	-4.58568293280814	0.011042684995454799	-1.6917911067801965	-0.36734173905846035	0.4941080933618309
48.0	145.0	146.0	22000.0	0.030058812413718883	-1.184933629251253	0.298529353342019	-2.1492291453703274	0.26847054092830014	-0.9642955161190745	-0.16600907291775968	0.3193695556444851
49.0	147.0	148.0	11000.0	-0.8899956892897896	-0.9962254991927759	-1.2220737689276575	-1.5021219723214472	-0.33207807963786795	-0.5058964731286713	-1.471721966423587	-1.6509575036318864
49.0	147.0	149.0	11000.0	0.17504059007092998	-1.759501261799393	1.0311379612082874	-1.428890352373628	0.8560973711373574	0.330610909425765	-1.2606339487526839	-0.7441368528644432
49.0	148.0	149.0	11000.0	1.065301804274184	-0.8019570743501756	2.253211730135945	0.07323161994781913	1.187909925861761	0.8751886942979947	0.21108801767090313	0.9068206507674432
50.0	150.0	151.0	21000.0	0.49739151580169594	-0.10483739586532792	0.24798865812545046	-0.21444044816053065	-0.24940285767624548	-0.10960305229520273	0.035085306554734075	-1.0908523687913743
50.0	150.0	152.0	21000.0	-0.5991206779898555	-1.566213186943667	-1.4542734528117762	-1.7748510292926767	-0.8551527748219208	-0.20863784234900962	-0.513119849721491	-1.386335831249923
50.0	151.0	152.0	21000.0	-1.1530355194984176	-1.4607684222779458	-1.7022621109372267	-1.560410581132146	-0.549226591438809	-0.09964215885420025	-0.5482051562762251	-0.29548346245854873
51.0	153.0	154.0	12000.0	-0.10587960325849455	0.44823569059033197	2.1718763462802144	1.0836666843345029	2.277755949538709	0.6354309937441709	-0.24563112898664485	-0.056827855403241756
51.0	153.0	155.0	12000.0	-0.24532784827087095	0.15767574969760556	1.9804893853117846	1.7759857741746146	2.2258172335826556	1.618310024477009	-0.18150581348177752	-0.2570730239323211
51.0	154.0	155.0	12000.0	-0.12058232801585689	-0.2199601978085468	-0.19138696096842978	0.6923190898401117	-0.07080463295257289	0.9122792876486585	0.06412531550486733	-0.20024516852907936
52.0	156.0	157.0	12000.0	-3.331836842456661	-0.5759987431415681	-4.571274124386264	-2.3708666630020616	-1.239437281929603	-1.7948679198604935	-0.23135177480729396	0.304509221784798
52.0	156.0	158.0	12000.0	-6.12642454156398	-2.2862994569385133	-10.605816131076836	-4.35491512486783	-4.479391589512855	-2.0686156679293166	0.7740538275402287	0.48525217455535596
52.0	157.0	158.0	12000.0	-2.8578320146901843	-1.6718019741060601	-6.034542006690572	-1.9840484618657683	-3.1767099920003874	-0.3122464877597082	1.0054056023475226	0.18074295277055796
53.0	159.0	160.0	21000.0	-0.496678449363662	0.6472733513939328	0.024076816528577183	-1.3544911574506386	0.5207552658922392	-2.0017645088445715	0.11737019953474714	-0.722255723880437
53.0	159.0	161.0	21000.0	-4.657681504666552	1.169835350299815	-3.0580157529129792	-2.2779032076425665	1.599665751753573	-3.4477385579423814	-0.7582016834571448	-0.5836377146401617
53.0	160.0	161.0	21000.0	-4.1377097879066325	0.5459841062990876	-3.0820925694415564	-0.9234120501919278	1.055617218465076	-1.4693961564910154	-0.8755718829918919	0.13861800924027534
54.0	162.0	163.0	11000.0	1.005090380273752	-3.0907061223854555	3.4526404234147776	-1.0143018715689323	2.4475500431410255	2.0764042508165232	-0.9793093898731797	-0.8087590829603499
54.0	162.0	164.0	11000.0	4.518303805680221	-3.771588959203319	9.432277015725504	-0.2617893809065208	4.913973210045283	3.509799578296798	-0.9936783248543861	-0.5882625643004502
54.0	163.0	164.0	11000.0	3.5329174345921386	-0.7196647813056734	5.979636592310726	0.7525124906624114	2.4467191577185874	1.4721772719680848	-0.014368934981206394	0.22049651865989972
55.0	165.0	166.0	22000.0	0.21774823974047397	-0.8627780128477793	0.9028224916264662	-1.5428135373185796	0.6850742518859922	-0.6800355244708003	-1.330081301100094	-1.3968014198864935
55.0	165.0	167.0	22000.0	0.09171731936926797	-3.4976481600363476	0.7513322795380191	-4.383790807900368	0.6596149601687511	-0.8861426478640206	-1.6962567805843918	-1.1785707219659258
55.0	166.0	167.0	22000.0	-0.139019620229889	-2.5184485884343886	-0.15149021208844715	-2.8409772705817886	-0.012470591858558144	-0.32252868214740005	-0.36617547948429774	0.2182306979205677
56.0	168.0	169.0	11000.0	0.9706921553448016	0.8967003147086672	1.905736787004571	0.9365142611552528	0.9350446316597694	0.039813946446585646	-0.18758349906049432	0.4926291448424678
56.0	168.0	170.0	11000.0	1.1474027901247945	-0.4913221133686436	2.825376454067282	-0.0025460223062054865	1.6779736639424874	0.48877609106243813	0.6209652731350133	0.8581628797027037
56.0	169.0	170.0	11000.0	0.20154162374634588	-1.3437489609788562	0.9196396670627109	-0.9390602834614583	0.7180980433163651	0.4046886775173979	0.8085487721955076	0.3655337348602359
57.0	171.0	172.0	22000.0	-0.5552662703909803	-1.2504164198240106	-0.7694989595941024	-1.6918137691343418	-0.2142326892031221	-0.44139734931033114	-0.2533745521462265	-0.1974445277841994
57.0	171.0	173.0	22000.0	-0.4438334374174504	-1.4451674329507131	-0.10216660937817323	-2.940928811889762	0.34166682803927717	-1.495761378939049	-0.25979971494004417	-0.09540830843995707
57.0	172.0	173.0	22000.0	0.07807041347261379	-0.2562846324846264	0.6673323502159292	-1.2491150427554203	0.5892619367433154	-0.9928304102707939	-0.0064251627938176625	0.10203621934424234
58.0	174.0	175.0	12000.0	-0.2963589458316056	-0.42725572931460576	-1.0953559034996943	-0.39249241461288875	-0.7989969576680886	0.03476331470171701	0.7731863444743823	0.14838654581062372
58.0	174.0	176.0	12000.0	-0.08749652203204317	-1.6181353454959604	-0.19202174191923405	-1.4307788466012425	-0.10452521988719088	0.18735649889471784	0.6922566526633602	0.043911168554927826
58.0	175.0	176.0	12000.0	0.26487800715273657	-1.1868642838823167	0.9033341615804602	-1.0382864319883538	0.6384561544277236	0.1485778518939629	-0.08092969181102205	-0.10447537725569589
59.0	177.0	178.0	21000.0	-1.4597606305269055	0.19220430537066768	-1.8816246759840851	-2.0204831224061763	-0.4218640454571796	-2.212687427776844	0.03947360153108548	-0.2430109862830392
59.0	177.0	179.0	21000.0	-6.348481430911318	1.569444088878864	-9.961444383721755	-1.9442154257510538	-3.6129629528104372	-3.513659514629918	0.6093043087941794	-0.3095847799222611
59.0	178.0	179.0	21000.0	-4.902464839823546	1.4378879144183108	-8.07981970773767	0.07626769665512256	-3.177354867914124	-1.3616202177631882	0.5698307072630939	-0.06657379363922189
60.0	180.0	181.0	22000.0	-1.1311719232263293	0.2295532735203949	-2.3531031484776577	-0.03051294001647875	-1.2219312252513284	-0.26006621353687365	0.5347831438234323	-0.03227354252828718
60.0	180.0	182.0	22000.0	-0.6769616738217081	0.55014876887609	-1.8390814785384464	-0.6282764303980457	-1.1621198047167383	-1.1784251992741357	0.1938783531863919	0.5818943098385034
60.0	181.0	182.0	22000.0	0.4138055782194128	0.21469577367999726	0.5140216699392113	-0.597763490381567	0.1002160917197985	-0.8124592640615642	-0.3409047906370404	0.6141678523667906
61.0	183.0	184.0	11000.0	0.21256952548447217	1.0892294701217757	0.14463947772787833	0.894357403001095	-0.06793004775659384	-0.19487206712068073	-0.46347755204101304	-0.42835115853067407
61.0	183.0	185.0	11000.0	0.13727070368518834	0.38642850990845545	-0.6567176527553329	0.4110394922324758	-0.7939883564405212	0.02461098232402037	1.1624226997293619	0.5416359619524513
61.0	184.0	185.0	11000.0	-0.049348414902990356	-0.6325454135543325	-0.8013571304832112	-0.4833179107686192	-0.7520087155802209	0.14922750278571328	1.625900251770375	0.9699871204831254
62.0	186.0	187.0	21000.0	0.2460739692895011	-1.3790471712366115	0.8597492382423297	-0.9066527709483125	0.6136752689528286	0.47239440028829893	-0.29370457094080393	-0.46153591069716526
62.0	186.0	188.0	21000.0	0.726400128650674	-1.26328217393697	0.9888239321503534	-0.9118002578466076	0.2624238034996793	0.3514819160903624	-0.3102840958548114	0.047225564902220185
62.0	187.0	188.0	21000.0	0.3162035648748871	0.08239450011511984	0.12907469390802362	-0.005147486898295028	-0.18712887096686348	-0.08754198701341487	-0.016579524914007493	0.5087614755993854
63.0	189.0	190.0	12000.0	0.9612627404429412	7.451607529017333	0.6790206972318629	6.845040500353662	-0.2822420432110784	-0.6065670286636715	0.5841675303321665	0.4531464052383569
63.0	189.0	191.0	12000.0	-0.8437162971729899	13.614489179658076	-1.651104726723588	12.517070978079573	-0.8073884295505982	-1.0974182015785026	1.06885913031536	-0.1584109567073284
63.0	190.0	191.0	12000.0	-1.8559159501456834	6.660203908926739	-2.330125423955451	5.672030477725912	-0.4742094738097675	-0.9881734312008277	0.48469159998319356	-0.6115573619456853
64.0	192.0	193.0	22000.0	0.23185719491202672	0.8488551483298652	0.28117047390105654	1.2057457108064682	0.04931327898902982	0.356890562476603	-0.6472441989777167	-0.036680692301288786
64.0	192.0	194.0	22000.0	-0.035541255392836035	2.8154801030685492	0.08896213969728706	1.6512857672450991	0.12450339509012309	-1.16419433582345	-1.8692498155734683	-2.035075688126696
64.0	193.0	194.0	22000.0	-0.28084503469269606	1.9568962658021611	-0.19220833420376948	0.4455400564386309	0.08863670048892658	-1.5113562093635302	-1.2220056165957516	-1.9983949958254072
65.0	195.0	196.0	11000.0	0.6728087580886415	0.601067774737535	0.8780537778932285	0.5034992961848275	0.20524501980458698	-0.09756847855270756	0.3435649948756492	0.5178006044553598
65.0	195.0	197.0	11000.0	-0.365495920051484	2.2808921026653906	0.748598099982928	1.3269641147103357	1.114094020034412	-0.9539279879550548	0.36062184173080425	0.04549548458260233
65.0	196.0	197.0	11000.0	-0.9843661842221598	1.7398920496304724	-0.12945567791030044	0.8234648185255082	0.8549105063118594	-0.9164272311049642	0.017056846855155072	-0.4723051198727575
66.0	198.0	199.0	21000.0	0.8033701775643296	1.988404432932656	2.205124117377636	0.167387289018734	1.4017539398133065	-1.821017143913922	-1.5999591376641717	-0.40573804408148817
66.0	198.0	200.0	21000.0	0.7058414420223089	2.240170704837146	1.7581301109767082	-0.07961646634112185	1.0522886689543993	-2.319787171178268	-1.6345221154325884	-1.2780881016692973
66.0	199.0	200.0	21000.0	-0.1034098414766138	0.25339194381878194	-0.4469940064009279	-0.24700375535985586	-0.3435841649243141	-0.5003956991786378	-0.03456297776841666	-0.8723500575878091
67.0	201.0	202.0	12000.0	-0.132101467694965	-1.5916527174864639	-0.8328470686344644	-1.4178992270890376	-0.7007456009394994	0.17375349039742627	0.5909923976137179	0.43371004669876356
67.0	201.0	203.0	12000.0	0.4203263285984553	-2.110473520529485	0.0779284687823747	-0.9549945425237638	-0.3423978598160806	1.1554789780057213	-0.7376266881915967	-0.7887256265122033
67.0	202.0	203.0	12000.0	0.5709586248399336	-0.5196351515056499	0.9107755374168391	0.4629046845652738	0.3398169125769055	0.9825398360709237	-1.3286190858053146	-1.222435673210967
68.0	204.0	205.0	21000.0	1.141210869621574	-0.18986011993978114	1.8411140467251244	0.004855791179352309	0.6999031771035504	0.19471591111913344	-1.0597823006485214	-0.29023799851267995
68.0	204.0	206.0	21000.0	0.02264038351805464	-0.8288681146948651	0.48994578837800873	-0.9079230307286252	0.4673054048599541	-0.07905491603376014	-2.5067360041530264	-2.8171723574226775
68.0	205.0	206.0	21000.0	-1.1197362423834836	-0.6772028672557138	-1.3511682583471156	-0.9127788219079775	-0.23143201596363205	-0.23557595465226377	-1.446953703504505	-2.5269343589099975
69.0	207.0	208.0	12000.0	-0.2577374028167867	-0.3044136055807858	-0.17839017829282966	-0.44460894390454087	0.07934722452395704	-0.14019533832375508	0.20521187446938427	0.9528441179756513
69.0	207.0	209.0	12000.0	-1.084139066909957	0.06037319039409805	-1.2695564313473824	0.8739563988103782	-0.1854173644374253	0.8135832084162802	0.9831714492923851	1.1272375011091853
69.0	208.0	209.0	12000.0	-0.8058692977849304	0.4416270160135296	-1.0911662530545527	1.318565342714919	-0.2852969552696223	0.8769383267013895	0.7779595748230008	0.17439338313353403
70.0	210.0	211.0	22000.0	0.8093669441382572	0.4613304421650417	1.4351287833239894	0.9084501060538059	0.6257618391857322	0.44711966388876423	0.09036728764613144	-0.051509371213370514
70.0	210.0	212.0	22000.0	1.2629802145124502	2.3182224464832197	1.4976185563598392	2.073926624756723	0.23463834184738896	-0.24429582172649678	0.2962565273223845	-0.5841805417872479
70.0	211.0	212.0	22000.0	0.42288490962076963	1.7558869557636543	0.062489773035849794	1.165476518702917	-0.36039513658491984	-0.5904104370607373	0.20588923967625306	-0.5326711705738774
71.0	213.0	214.0	11000.0	-0.3555541597779186	-0.12658478716166144	-0.3043639764280215	1.5347560690445334	0.05119018334989711	1.6613408562061949	-0.3054316944014204	0.24037700982346166
71.0	213.0	215.0	11000.0	0.7506666114672971	-1.3969975620546142	2.6822618788066848	3.8960394066489243	1.9315952673393877	5.293036968703539	-1.6378649838349446	-1.5833044157944727
71.0	214.0	215.0	11000.0	1.1789934374189341	-1.2482772871241394	2.9866258552347063	2.361283337604391	1.807632417815772	3.6095606247285303	-1.3324332894335242	-1.8236814256179343
72.0	216.0	217.0	22000.0	-1.0572123305728178	2.8012034688988123	-1.5922246063200873	2.479531101591647	-0.5350122757472695	-0.32167236730716553	0.4780842466646362	0.14663859140337365
72.0	216.0	218.0	22000.0	-0.4147890231803908	4.291152284301562	-1.3964104860792759	3.3738019146308034	-0.9816214628988851	-0.9173503696707588	0.4168875706736088	0.23401295877799555
72.0	217.0	218.0	22000.0	0.5984017605429699	1.3649965792402803	0.19581412024081146	0.8942708130391566	-0.40258764030215843	-0.4707257662011237	-0.061196675991027405	0.0873743673746219
73.0	219.0	220.0	12000.0	0.22859010970040217	0.8196528873536142	0.4447699830432157	1.0302277820101153	0.21617987334281352	0.21057489465650114	-0.784813203631785	-1.1040946576065664
73.0	219.0	221.0	12000.0	-0.3425651190623151	0.22702843101139258	-0.09499780105011268	1.089124557221112	0.24756731801220244	0.8620961262097193	-0.5181378913634944	-0.9894741591845388
73.0	220.0	221.0	12000.0	-0.6506567360733007	-0.7350618799014903	-0.5397677840933284	0.058896775210996566	0.11088895197997228	0.7939586551124869	0.26667531226829055	0.1146204984220276
74.0	222.0	223.0	21000.0	1.083532459999021	-0.9343733680164501	1.360185923017525	-0.43380627561236906	0.276653463018504	0.500567092404081	0.15738346087591992	1.02853552511246
74.0	222.0	224.0	21000.0	2.3430104239580443	-1.3642163788994335	2.7885311511493	-0.6278294412336436	0.4455207271912558	0.7363869376657899	-0.835866364534013	-0.11383679585543405
74.0	223.0	224.0	21000.0	1.2124915763026856	-0.45732268958215805	1.428345228131775	-0.19402316562127453	0.21585365182908944	0.2632995239608835	-0.9932498254099329	-1.142372320967894
75.0	225.0	226.0	11000.0	-0.09280973996667363	-0.025871428588402523	-0.6431005655874742	0.695125557155734	-0.5502908256208006	0.7209969857441365	1.4040152953053706	1.330477427221453
75.0	225.0	227.0	11000.0	0.29654123931104426	-1.0513760242147843	1.0346143528672656	0.15256891695503327	0.7380731135562213	1.2039449411698175	0.6140584375365421	1.1165866414849503
75.0	226.0	227.0	11000.0	0.40405584217380763	-0.9874777928122347	1.6777149184547397	-0.5425566402007007	1.2736590762809321	0.444921152611534	-0.7899568577688285	-0.21389078573650266
76.0	228.0	229.0	21000.0	0.4288682080885069	-0.9725051570357124	0.16482278268699702	-0.9030062367196479	-0.2640454254015099	0.06949892031606453	-0.6221440824283491	-0.7120019062869147
76.0	228.0	230.0	21000.0	3.1726853950812197	0.3284803989749019	2.715415833728912	2.355689728421112	-0.4572695613523079	2.02720932944621	0.10967837325381424	-0.4488532714324762
76.0	229.0	230.0	21000.0	2.742795983422421	1.1845695562762506	2.550593051041915	3.2586959651407597	-0.19220293238050612	2.074126408864509	0.7318224556821633	0.2631486348544385
77.0	231.0	232.0	12000.0	0.8147958873958334	-1.0658094516767598	-9.101175067022268	-1.483722937120092	-9.915970954418102	-0.4179134854433322	-0.02918748816182415	-0.794385645486642
77.0	232.0	233.0	12000.0	0.23065195399251337	1.4756602327683392	-1.1097117585059095	2.236170016235974	-1.340363712498423	0.7605097834676346	-0.13782065628133466	0.3587796669586254
78.0	234.0	235.0	11000.0	0.13120853147153522	-0.17448713655520987	-2.8585302199944636	-0.32518327014372517	-2.9897387514659988	-0.1506961335885153	-0.2486945785117456	-0.27813078236471966
78.0	234.0	236.0	11000.0	-0.9409183470748959	-0.397800025063094	-3.485112685552849	-1.4809450013399328	-2.5441943384779533	-1.0831449762768388	-0.061900698916062424	-0.29190327941688565
78.0	235.0	236.0	11000.0	-1.099744393107981	-0.2063765310393766	-0.6265824655583856	-1.1557617311962076	0.4731619275495955	-0.949385200156831	0.18679387959568317	-0.013772497052165988
79.0	237.0	238.0	22000.0	-0.8354540352270421	-0.7649579867587768	-0.41882468311700904	-1.3872201117997065	0.41662935211003305	-0.6222621250409297	0.6626776452111756	0.1994299298086517
79.0	237.0	239.0	22000.0	0.3331724959497002	-0.9605106190310941	1.5347553770297964	-3.13468200299576	1.2015828810800961	-2.1741713839646657	0.4794890863001342	-0.1580432618945551
79.0	238.0	239.0	22000.0	1.180201595910778	-0.3207896453862453	1.9535800601468054	-1.7474618911960533	0.7733784642360275	-1.426672245809808	-0.18318855891104135	-0.3574731917032068
80.0	240.0	241.0	22000.0	-0.43060402681541454	0.37187598430542046	-0.5912266221491791	0.35093787183927816	-0.16062259533376455	-0.0209381124661423	-0.5396547300442407	0.03579447776301947
80.0	240.0	242.0	22000.0	-0.1385787689388822	0.5278406983075126	-0.3919650742120666	-0.7735417153587605	-0.2533863052731844	-1.301382413666273	-0.42258731446928977	0.0771016074263926
80.0	241.0	242.0	22000.0	0.2405769859720044	0.09291442161257102	0.19926154793711248	-1.1244795871980386	-0.041315438034891905	-1.2173940088106097	0.11706741557495093	0.04130712966337313
81.0	243.0	244.0	11000.0	-2.2858973613726654	0.328666545741755	-2.9083089717994426	-1.2605268380589223	-0.6224116104267772	-1.5891933838006773	0.5497942228550272	0.4099661251702571
81.0	243.0	245.0	11000.0	-3.194887298423822	0.36426203714144023	-3.4848759298633922	-0.9411919752999438	-0.2899886314395701	-1.305454012441384	0.5523059351906028	0.4937074122105898
81.0	244.0	245.0	11000.0	-0.8508437442020931	0.03933417207798495	-0.5765669580639496	0.3193348627589785	0.27427678613814344	0.28000069068099354	0.0025117123355755666	0.08374128704033268
82.0	246.0	247.0	12000.0	0.9277376407615057	-0.4429710745681028	-0.26812290429484165	0.023827465748581744	-1.1958605450563473	0.46679854031668455	0.7103378181227029	1.7317843327080027
82.0	246.0	248.0	12000.0	1.1051423785823307	-0.40642593997926113	-1.0753184949617207	1.1337994944938146	-2.1804608735440514	1.5402254344730757	0.11075015616890482	0.05784682845455791
82.0	247.0	248.0	12000.0	0.1936491117693926	0.045208975754665204	-0.8071955906668791	1.1099720287452328	-1.0008447024362717	1.0647630529905676	-0.5995876619537981	-1.6739375042534448
83.0	249.0	250.0	21000.0	0.5765454581780052	-0.7254045021692832	-0.998461328991425	-1.9003296265461813	-1.5750067871694302	-1.1749251243768981	0.6005392043869051	0.418920234774788
83.0	249.0	251.0	21000.0	2.3384568443214304	-0.7393337823438655	1.0075753100702514	-1.9073324928874626	-1.330881534251179	-1.1679987105435972	1.3809986845774915	0.8366204052812947
83.0	250.0	251.0	21000.0	1.770487533294184	0.11215304310336549	2.0060366390616764	-0.007002866341281333	0.23554910576749233	-0.11915590944464682	0.7804594801905864	0.41770017050650665
84.0	252.0	253.0	11000.0	-2.0522999270759525	-2.078287317376356	-3.0663259236196154	-2.005290932149137	-1.0140259965436629	0.07299638522721885	-0.4465750305718501	0.6206342502883544
84.0	252.0	254.0	11000.0	-1.4179998806870042	-2.670859506372972	-1.8553105421656255	-2.495070689703198	-0.4373106614786213	0.1757888166697743	-1.592850660749889	-1.5366501599047098
84.0	253.0	254.0	11000.0	0.6174084200801593	-0.4449732319960207	1.21101538145399	-0.4897797575540608	0.5936069613738306	-0.0448065255580401	-1.1462756301780388	-2.157284410193064
85.0	255.0	256.0	22000.0	-0.763258470855213	0.11847406172016939	-1.0950201956152341	-0.84466200443876	-0.3317617247600211	-0.9631360661589294	0.18182124119547183	-0.6381141104177317
85.0	255.0	257.0	22000.0	-0.034351986274445245	-0.1077557894195511	-0.18596215458546794	-2.2644313549337767	-0.1516101683110227	-2.1566755655142256	-0.05591800037471728	-0.8375715118218139
85.0	256.0	257.0	22000.0	0.7393272569467175	-0.2220736381441082	0.9090580410297662	-1.4197693504950166	0.16973078408304865	-1.1976957123509084	-0.2377392415701891	-0.1994574014040822
86.0	258.0	259.0	21000.0	1.1383281666092362	0.717246091832128	0.3021636129849412	-0.2620624861692704	-0.836164553624295	-0.9793085780013984	-0.16942689682404932	-0.10482163472823203
86.0	258.0	260.0	21000.0	2.6541292357562973	-0.9330286405273593	-1.388214099238212	-2.7374773881874717	-4.042343334994509	-1.8044487476601123	-0.23147691313249652	-0.023379576998344476
86.0	259.0	260.0	21000.0	1.478203556621267	-1.7908214661092519	-1.6903777122231531	-2.4754149020182012	-3.16858126884442	-0.6845934359089494	-0.0620500163084472	0.08144205772988755
87.0	261.0	262.0	12000.0	1.209691781905967	0.26366088138232247	1.2536481862962319	1.4535499858270668	0.043956404390264936	1.1898891044447444	0.45369781419587696	1.2849517153913155
87.0	261.0	263.0	12000.0	2.5217207198163942	1.8892216494969496	2.77479673035873	4.804993830252897	0.25307601054233597	2.9157721807559476	-0.42899117231991113	0.5336246433344698
87.0	262.0	263.0	12000.0	1.1651033061303817	1.3621828798800237	1.5211485440624983	3.3514438444258303	0.3560452379321166	1.9892609645458066	-0.8826889865157881	-0.7513270720568457
89.0	267.0	268.0	12000.0	-0.2555301195210724	-0.35804699285295793	0.1625271380655704	-0.8949098898110606	0.4180572575866428	-0.5368628969581026	-0.2942586440285453	0.06204328307043738
89.0	267.0	269.0	12000.0	0.6002166096718655	-0.9678642470561556	1.8970731630549835	-0.7623325145116269	1.296856553383118	0.20553173254452872	-0.6550844557710178	0.37085806216740025
89.0	268.0	269.0	12000.0	0.9219758844683623	-0.5567942088463527	1.7345460249894131	0.1325773752994337	0.8125701405210508	0.6893715841457864	-0.3608258117424725	0.30881477909696287
90.0	270.0	271.0	21000.0	0.3180662059529258	-1.414136996875854	1.015528453809793	-2.1332117415513494	0.6974622478568673	-0.7190747446754955	0.05472655284290795	0.3928532769000128
90.0	270.0	272.0	21000.0	-0.24137501553674134	-0.6544097148215826	-0.3845899996958906	-1.5589068774920634	-0.14321498415914924	-0.9044971626704807	-0.19707763253862254	-0.270442954181739
90.0	271.0	272.0	21000.0	-0.5551644058269645	0.5447527776443346	-1.4001184535056836	0.574304864059286	-0.8449540476787192	0.02955208641495144	-0.2518041853815305	-0.6632962310817518
91.0	273.0	274.0	22000.0	-2.539583850628712	-2.033576168039608	-3.387103488894809	-2.5915334259432257	-0.847519638266097	-0.5579572579036176	0.4140172938830915	0.28413788670592055
91.0	273.0	275.0	22000.0	-0.8886646506148761	-0.9692653339246649	-1.9174239986139128	-2.381379130416235	-1.0287593479990367	-1.4121137964915702	-0.9614213960701079	-1.6130963878297706
91.0	274.0	275.0	22000.0	1.6781714271430896	1.0192874057251906	1.469679490280896	0.2101542955269906	-0.20849193686219358	-0.8091331101982	-1.3754386899531994	-1.8972342745356912
92.0	276.0	277.0	22000.0	-1.0991763947899527	1.2869067549472213	-1.0296035639319143	0.04328921565138444	0.06957283085803834	-1.2436175392958368	-0.20296322232557884	0.21050370685178166
92.0	276.0	278.0	22000.0	-0.5711261915300687	2.081030718009396	0.23466088378040695	-0.2981945358746998	0.8057870753104757	-2.379225253884096	-0.13187415317884899	0.04172331920632644
92.0	277.0	278.0	22000.0	0.54621905445787	0.9504868928284305	1.2642644477123213	-0.34148375152608423	0.7180453932544513	-1.2919706443545147	0.07108906914672986	-0.16878038764545522
93.0	279.0	280.0	12000.0	1.0797389398274273	-0.5777605574012776	2.418846805991734	-0.503910029439794	1.3391078661643068	0.07385052796148361	-0.6282376728632499	-0.4489723756665214
93.0	279.0	281.0	12000.0	3.8772407574215304	-1.2218403954211468	6.0404447115827224	1.9200015321468982	2.163203954161192	3.141841927568045	0.11491058276727983	0.04056223996835939
93.0	280.0	281.0	12000.0	2.6399032604089854	-0.7245078463466061	3.6215979055909884	2.423911561586692	0.981694645182003	3.1484194079332983	0.7431482556305298	0.48953461563488077
94.0	282.0	283.0	21000.0	3.9862114047912147	-0.15096703683429702	4.9184982430329	0.828914405472915	0.9322868382416853	0.979881442307212	0.18286720032784842	0.17720731610535267
94.0	282.0	284.0	21000.0	5.8504932594896175	0.34200100563845925	6.702309312007856	2.9407004528875405	0.8518160525182381	2.598699447249081	0.7642903235859322	0.7640525647832916
94.0	283.0	284.0	21000.0	1.8858973934271868	0.4608820083074834	1.7838110689749556	2.1117860474146255	-0.1020863244522312	1.6509040391071421	0.5814231232580838	0.586845248677939
95.0	285.0	286.0	11000.0	-3.0220968341088064	-0.7602238685073264	-3.448888870935889	-2.848061909453918	-0.42679203682708255	-2.0878380409465915	-0.7979319064191941	-0.9394640139105732
95.0	285.0	287.0	11000.0	-0.804820769595727	-0.14570743657726215	-0.9306318648959859	-0.961753516704448	-0.1258110953002589	-0.8160460801271858	-1.1412358821490471	-1.979676427888002
95.0	286.0	287.0	11000.0	2.162996397708114	0.6068403152127617	2.518257006039903	1.88630839274947	0.35526060833178885	1.2794680775367082	-0.34330397572985305	-1.0402124139774287
96.0	288.0	289.0	12000.0	-0.6619960291063416	-0.17521836775150046	-0.9294775329112781	-0.2853637816092487	-0.2674815038049365	-0.11014541385774823	-0.542978232757747	-0.6136025995789396
96.0	288.0	290.0	12000.0	-0.6815844098010206	-0.5206454482045153	-0.9373685329396721	0.09457345875534884	-0.2557841231386515	0.6152189069598641	-0.22310119628075142	-0.21191220007121814
96.0	289.0	290.0	12000.0	0.06670445574946182	-0.20285525155600226	-0.007891000028394046	0.37993724036459753	-0.07459545577785587	0.5827924919205998	0.3198770364769956	0.40169039950772145
97.0	291.0	292.0	22000.0	-0.18836037850818776	0.16326074094027376	-0.7828553066390214	0.5429860215840563	-0.5944949281308336	0.3797252806437825	0.19045368962896703	-0.2768738903483694
97.0	291.0	293.0	22000.0	-0.11366378076166228	0.2802696535382694	-0.49655001943892785	-0.014829800014467764	-0.38288623867726557	-0.29509945355273715	0.1804307672815355	-0.3605566251207222
97.0	292.0	293.0	22000.0	0.08248593231166179	0.11633842495384439	0.2863052872000935	-0.557815821598524	0.20381935488843173	-0.6741542465523684	-0.010022922347431518	-0.08368273477235277
98.0	294.0	295.0	11000.0	-0.4908778744368023	-0.5796152938849444	-0.37681040701318125	-0.5529123808992153	0.11406746742362106	0.02670291298572902	0.3409797741332241	0.7478889590797309
98.0	294.0	296.0	11000.0	-1.4499697346107006	-2.039948787942963	-1.364253648697968	-2.5746314130942665	0.08571608591273261	-0.5346826251513033	0.4272989392419788	0.31877542011572046
98.0	295.0	296.0	11000.0	-0.9204013272776317	-1.390966588090751	-0.9874432416847867	-2.021719032195051	-0.06704191440715501	-0.6307524441043002	0.0863191651087547	-0.4291135389640104
99.0	297.0	298.0	21000.0	-0.261277280164129	0.29736704863456254	-0.3821495810122997	0.09556907494334155	-0.12087230084817069	-0.201797973691221	-0.4173185427596309	-1.0989799646596836
99.0	297.0	299.0	21000.0	-1.1055250914481087	0.6319033080752199	-1.5490625688412365	0.04856529538074028	-0.44353747739312777	-0.5833380126944796	-1.7534091173853597	-1.6825934905869957
99.0	298.0	299.0	21000.0	-0.8111819787948793	0.20713666658789354	-1.1669129878289368	-0.04700377956260127	-0.3557310090340575	-0.2541404461504948	-1.3360905746257288	-0.5836135259273121
