0.0	0.0	1.0	21000.0	-2.293886690203318	-0.5248944926708603	-2.5467520708950815	1.4617460832923825	-0.25286538069176334	1.9866405759632428	0.38084342540997795	0.5783159161492648
0.0	0.0	2.0	21000.0	-3.2696724540987443	0.09801828760691755	-4.78267441360822	3.365611309682663	-1.5130019595094755	3.2675930220757454	2.016923681825972	1.879354735301476
0.0	1.0	2.0	21000.0	-0.9500271082402678	0.6499711933391037	-2.2359223427131383	1.9038652263902804	-1.2858952344728705	1.2538940330511767	1.636080256415994	1.301038819152211
1.0	3.0	4.0	22000.0	-0.48361250168916925	-1.3025764079929703	-1.6114382490220578	-2.0769147975643136	-1.1278257473328885	-0.7743383895713434	1.0196203227207263	0.8832442982748745
1.0	3.0	5.0	22000.0	1.1738649857729921	-2.693139803305373	0.3674774307401094	-5.139199242063569	-0.8063875550328827	-2.446059438758196	1.0478182541542083	0.8920852946360611
1.0	4.0	5.0	22000.0	1.7101043000383704	-1.2304598181832969	1.9789156797621672	-3.062284444499255	0.26881137972379676	-1.8318246263159583	0.028197931433481926	0.008840996361186626
2.0	6.0	7.0	11000.0	-4.915079964840254	-2.9605551002128525	-5.525853475522126	0.19395388943667058	-0.6107735106818719	3.154508989649523	0.008807712879828955	-0.08918337010355515
2.0	6.0	8.0	11000.0	-13.804741376144467	-7.365575976135436	-12.695700892219293	-1.0345022636051908	1.109040483925174	6.331073712530245	1.0252959435486702	1.020264519147986
2.0	7.0	8.0	11000.0	-8.959313401443708	-4.44275141140794	-7.169847416697166	-1.2284561530418614	1.789465984746542	3.2142952583660787	1.0164882306688412	1.1094478892515411
3.0	9.0	10.0	12000.0	-2.63174051879529	2.3641551767934166	-3.990250137545445	2.817073245231768	-1.3585096187501549	0.45291806843835136	-0.21804753138576416	-0.12078620959175623
3.0	9.0	11.0	12000.0	-1.987301200586253	3.2228835426561595	-3.535058068317767	5.3466538584978025	-1.5477568677315139	2.123770315841643	-0.6667450714990792	-0.3936561620947998
3.0	10.0	11.0	12000.0	0.6783007639841543	0.8824314322625515	0.4551920692276781	2.5295806132660346	-0.2231086947564762	1.647149181003483	-0.4486975401133151	-0.2728699525030436
4.0	12.0	13.0	22000.0	-0.14173555232516666	-2.319588959507474	-0.15944177612254862	-2.7728346104865977	-0.01770622379738196	-0.45324565097912384	0.18157141629716023	0.6654770231703537
4.0	12.0	14.0	22000.0	0.001551180551504494	-3.0181979764651814	-1.047316624815494	-4.8611036584316025	-1.0488678053669984	-1.8429056819664211	-0.12948065645478835	0.9782757696523845
4.0	13.0	14.0	22000.0	0.12614198512590313	-0.658529169903721	-0.8878748486929453	-2.088269047945005	-1.0140168338188484	-1.4297398780412838	-0.31105207275194857	0.31279874648203077
5.0	15.0	16.0	11000.0	-1.227343857836618	1.7180022527848644	0.06606084151326286	2.4192297527390565	1.293404699349881	0.7012274999541921	0.2009620681243547	0.767312155427831
5.0	15.0	17.0	11000.0	0.22988936866607546	1.319079716575862	3.6307475161574985	1.4095094315234746	3.400858147491423	0.09042971494761254	-0.5042101991648451	-0.40493157935127044
5.0	16.0	17.0	11000.0	1.5511223297341106	-0.21945793039233408	3.5646866746442356	-1.0097203212155819	2.013564344910125	-0.7902623908232478	-0.7051722672891998	-1.1722437347791015
6.0	18.0	19.0	12000.0	1.5968917682914556	-0.38852071885321315	0.7188744943484835	-1.0796869016623987	-0.8780172739429721	-0.6911661828091855	0.6726565694646638	0.6473357527037962
6.0	18.0	20.0	12000.0	0.9021192344541005	-0.7279165752783445	0.6660855747652477	0.42932899902257304	-0.23603365968885281	1.1572455743009176	2.096938164744401	1.5702618540731237
6.0	19.0	20.0	12000.0	-0.6686552143347209	-0.23795030748859247	-0.05278891958323584	1.5090159006849717	0.615866294751485	1.7469662081735642	1.4242815952797372	0.9229261013693275
7.0	21.0	22.0	21000.0	-1.0253734596182174	0.9689209603719489	-1.0516041731102632	1.2338919633484693	-0.026230713492045865	0.26497100297652043	0.6368491277506507	0.46083833922854467
7.0	21.0	23.0	21000.0	-1.5109197796670033	1.0274875010193423	-2.986412608953742	1.4715814215560385	-1.4754928292867389	0.4440939205366963	-0.14143706080788832	-0.26516675877921614
7.0	22.0	23.0	21000.0	-0.47209269445838054	0.060305537195378456	-1.934808435843479	0.23768945820756926	-1.4627157413850984	0.1773839210121908	-0.778286188558539	-0.7260050980077608
8.0	24.0	25.0	21000.0	0.27302073885230893	-0.43370673436419516	0.7665731463466727	-0.4396119741857092	0.4935524074943638	-0.00590523982151403	0.23749810776158142	0.14306299462151628
8.0	24.0	26.0	21000.0	0.5792773518618795	-2.1578181669755034	-0.006086214283868685	-2.3501374018080696	-0.5853635661457481	-0.1923192348325662	-0.6340576421663684	-0.35679325657253
8.0	25.0	26.0	21000.0	0.25196508184089517	-1.748750121039282	-0.7726593606305414	-1.9105254276223604	-1.0246244424714366	-0.16177530658307848	-0.8715557499279498	-0.4998562511940463
9.0	27.0	28.0	12000.0	5.779396178821676	1.0106922434729526	6.359161468867342	0.18604201565904077	0.5797652900456658	-0.8246502278139118	-0.41497311071101706	-0.19800984539780586
9.0	27.0	29.0	12000.0	5.820816163121615	-1.8260088171370912	6.636261917909906	-2.061701736186251	0.815445754788291	-0.23569291904915968	-0.5380380579864692	-0.20788566779192763
9.0	28.0	29.0	12000.0	0.02744353276116751	-2.8519829876108576	0.2771004490425639	-2.2477437518452916	0.2496569162813964	0.6042392357655659	-0.12306494727545214	-0.00987582239412177
10.0	30.0	31.0	11000.0	-0.5450974795071755	2.658475195053339	-1.0332593942157473	3.3186680352646363	-0.48816191470857184	0.6601928402112973	1.7330921316618912	2.658116933087115
10.0	30.0	32.0	11000.0	-0.06580568377594354	3.584146898439948	0.7386339148679326	4.217979410692351	0.8044395986438762	0.6338325122524031	1.278834302044288	1.7832877423808355
10.0	31.0	32.0	11000.0	0.39443973724308545	0.9303699253822764	1.77189330908368	0.8993113754277147	1.3774535718405945	-0.0310585499545617	-0.4542578296176032	-0.8748291907062793
11.0	33.0	34.0	22000.0	-0.9645679862992873	0.49889912669863	-0.6141068575020654	0.500372962310621	0.3504611287972219	0.0014738356119909923	-0.8857777573244618	-1.5544275225913111
11.0	33.0	35.0	22000.0	-2.4816039323395502	0.6895362624620942	-2.2033353114875354	-0.5632822441862118	0.27826862085201487	-1.252818506648306	-0.3112180382420604	-1.394006660529584
11.0	34.0	35.0	22000.0	-1.6174843785811843	0.08448091606416686	-1.58922845398547	-1.0636552064968328	0.028255924595714355	-1.1481361225609996	0.5745597190824014	0.16042086206172712
12.0	36.0	37.0	22000.0	-1.5527856733035366	0.20538147920422212	-9.592542375450648	0.3592229142193446	-8.039756702147113	0.15384143501512249	0.047379920934545794	0.9546600822472868
12.0	36.0	38.0	22000.0	-1.7988094503835796	-0.4191085550017499	-9.267683091043637	-1.5339923143994838	-7.468873640660057	-1.1148837593977339	-1.9309316803319092	-1.4659868676296952
12.0	37.0	38.0	22000.0	-0.2161183504034243	-0.6232318908517005	0.32485928440701173	-1.8932152286188284	0.540977634810436	-1.269983337767128	-1.978311601266455	-2.420646949876982
13.0	39.0	40.0	21000.0	2.970871017015468	0.37247239667052234	2.7414156613726846	-1.2905067994229285	-0.2294553556427834	-1.6629791960934508	0.4874820577158232	0.4737400370837719
13.0	39.0	41.0	21000.0	6.3200195354213005	0.14059867921832137	5.239089196118812	-2.396948363455067	-1.0809303393024887	-2.5375470426733884	-0.5365348725459143	-0.30542269924853827
13.0	40.0	41.0	21000.0	3.3369267630262955	-0.19262269483722072	2.497673534746127	-1.1064415640321386	-0.8392532282801684	-0.9138188691949178	-1.0240169302617375	-0.7791627363323101
14.0	42.0	43.0	11000.0	0.2923523110477335	0.936704163499841	1.0198998339319587	1.1637511280887338	0.7275475228842252	0.22704696458889284	-0.44836825231368493	-1.117323091995388
14.0	42.0	44.0	11000.0	0.27168213778655037	2.341913170303676	2.1887100510164146	3.071220040242906	1.9170279132298642	0.7293068699392302	-0.8850939117655798	-1.1195282579042214
14.0	43.0	44.0	11000.0	-0.056393689252982604	1.4364765919297362	1.1688102170844559	1.9074689121541724	1.2252039063374385	0.47099232022443616	-0.4367256594518949	-0.002205165908833351
15.0	45.0	46.0	12000.0	-3.0741464572524304	-0.011596476401369848	-3.621336323129526	0.085018934013533	-0.5471898658770957	0.09661541041490285	0.40248688116039943	0.28153910078454203
15.0	45.0	47.0	12000.0	-3.6824016191404985	0.7080183989537492	-5.017414881799368	2.5489693591975993	-1.3350132626588698	1.84095096024385	1.9998484697110115	2.80145329137639
15.0	46.0	47.0	12000.0	-0.5337655189475479	0.7584792425996838	-1.396078558669842	2.4639504251840663	-0.8623130397222942	1.7054711825843825	1.597361588550612	2.519914190591848
16.0	48.0	49.0	22000.0	1.1169092849193447	2.203885783906566	1.1836726839349012	7.337125983650594	0.0667633990155565	5.133240199744028	0.08778437811034223	-1.1872913821027993
16.0	48.0	50.0	22000.0	2.417266798415225	0.8433583472452257	2.1115248709993466	4.008834314216983	-0.3057419274158786	3.1654759669717576	-0.9000317961448872	-1.4940776156491893
16.0	49.0	50.0	22000.0	1.290884527138748	-1.3995499602976444	0.9278521870644454	-3.328291669433611	-0.3630323400743025	-1.9287417091359664	-0.9878161742552294	-0.30678623354639
17.0	51.0	52.0	11000.0	0.23831516090328453	-0.5536948313564585	-0.1291971789191848	0.18181182321404776	-0.36751233982246934	0.7355066545705062	-1.2429747676227691	-1.415754627743496
17.0	51.0	53.0	11000.0	0.6430518197221726	-1.0291057240028634	0.7343348868444082	-1.0244349541771953	0.09128306712223555	0.004670769825668053	0.09171080877871418	0.6026942309779031
17.0	52.0	53.0	11000.0	0.3317213183339689	-0.4229347397957106	0.863532065763593	-1.206246777391243	0.5318107474296241	-0.7833120375955325	1.3346855764014833	2.018448858721399
18.0	54.0	55.0	12000.0	-1.2460094242072808	-0.21442383664154274	0.4777047740942635	2.0248749160532498	1.7237141983015443	2.2392987526947925	-0.8794762426978195	-1.3696379099270217
18.0	54.0	56.0	12000.0	-1.418954537452331	0.3445497417198462	-0.20605922726076642	4.7983047320610694	1.2128953101915645	4.453754990341223	-1.785648700802426	-2.8756703186800365
18.0	55.0	56.0	12000.0	-0.0919777702204474	0.600512614818463	-0.6837640013550299	2.7734298160078197	-0.5917862311345825	2.1729172011893567	-0.9061724581046064	-1.5060324087530148
19.0	57.0	58.0	21000.0	-7.796759233066925	-6.498373126845792	-5.983388250090002	-2.457677317912612	1.813370982976923	4.0406958089331795	0.26945791354498283	0.6337992584869312
19.0	57.0	59.0	21000.0	-2.0620706152496506	-4.098586784538605	-3.2684405032296127	-2.5296241099936196	-1.206369887979962	1.5689626745449852	-0.34257121243948063	-1.2359840705091472
19.0	58.0	59.0	21000.0	5.7315918773632015	2.435446507429842	2.714947746860389	-0.07194679208100752	-3.0166441305028124	-2.5073932995108494	-0.6120291259844635	-1.8697833289960784
20.0	60.0	61.0	11000.0	0.6729623114331051	1.912805109896829	0.8474649809895709	1.7650867607108012	0.17450266955646576	-0.1477183491860279	-0.2091144863545935	0.18587819124059024
20.0	60.0	62.0	11000.0	2.083942665429154	3.5030795867345192	3.6479821932864525	2.5443024287687876	1.5640395278572985	-0.9587771579657316	-0.5769935833703244	-1.4172445282522972
20.0	61.0	62.0	11000.0	1.408228374231471	1.6084432072302377	2.8005172122968816	0.7792156680579865	1.3922888380654106	-0.8292275391722512	-0.36787909701573085	-1.6031227194928874
21.0	63.0	64.0	21000.0	2.136243438528143	-0.9707342970364401	1.7771706597566208	-1.1274242911715646	-0.3590727787715222	-0.15668999413512452	0.26674326780390345	0.9375789469753926
21.0	63.0	65.0	21000.0	4.594817511474324	-2.969706444561968	3.6433864804855602	-3.184849770808569	-0.9514310309887639	-0.2151433262466007	-0.13574401909964706	0.9659142171725534
21.0	64.0	65.0	21000.0	2.367704688233263	-2.0676903376312	1.8662158207289394	-2.057425479637004	-0.5014888675043236	0.010264857994195964	-0.4024872869035505	0.028335270197160867
22.0	66.0	67.0	22000.0	1.152603688968311	0.3369885066303331	0.8991816697903232	-2.237222771808547	-0.2534220191779877	-2.57421127843888	-1.7151510497538283	-1.7496297712929163
22.0	66.0	68.0	22000.0	-0.015323622809986226	0.4226120103696829	-0.5840802959808116	-3.1956505651944553	-0.5687566731708253	-3.618262575564138	-1.0361596846743453	-1.6376408174861155
22.0	67.0	68.0	22000.0	-1.2274585749008287	0.07458809037825365	-1.4832619657711348	-0.9584277933859084	-0.2558033908703061	-1.033015883764162	0.678991365079483	0.11198895380680085
23.0	69.0	70.0	12000.0	1.3058631077060658	-2.3387758610700295	3.0544365213729634	-1.1674281931877886	1.7485734136668976	1.171347667882241	0.26366189103374893	0.1492866965036086
23.0	69.0	71.0	12000.0	4.104101185435551	-4.499972179918309	5.676208893337616	-3.023304649758984	1.5721077079020649	1.4766675301593253	-0.41361647044023186	-0.683923307600736
23.0	70.0	71.0	12000.0	2.831650199132441	-2.073346615300524	2.621772371964653	-1.8558764565711954	-0.20987782716778813	0.21747015872932884	-0.6772783614739808	-0.8332100041043446
24.0	72.0	73.0	21000.0	-0.6825736952545309	-1.3320341398357236	-1.1202346329964712	-0.0004968590069438505	-0.43766093774194026	1.3315372808287798	0.6159088649422273	0.9224420654128238
24.0	72.0	74.0	21000.0	-0.7106786377557945	-1.1606142802181623	-2.2468055693975657	-0.6571286613414031	-1.5361269316417712	0.5034856188767591	2.980667592270649	2.9540749632012364
24.0	73.0	74.0	21000.0	-0.048066606378657895	0.09456136168108031	-1.1265709364010945	-0.6566318023344593	-1.0785043300224366	-0.7511931640155396	2.3647587273284216	2.0316328977884126
25.0	75.0	76.0	11000.0	0.011275678365055164	-0.493132188174485	-0.8855713455664045	-2.544667628824527	-0.8968470239314597	-2.051535440650042	-0.7949534419206259	-3.6240358193270907
25.0	75.0	77.0	11000.0	0.828912968000755	-2.5125900297343406	1.5191864121325125	-3.6401837971686746	0.6902734441317575	-1.127593767434334	-2.050942309258744	-4.577850171400797
25.0	76.0	77.0	11000.0	0.8049604339286214	-1.9606312127108296	2.404757757698917	-1.0955161683441474	1.5997973237702956	0.8651150443666822	-1.255988867338118	-0.9538143520737066
26.0	78.0	79.0	12000.0	-0.6278425995649863	-2.272019363213734	-0.8898131023106544	-2.2474675247219693	-0.261970502745668	0.024551838491764677	0.44542908136682513	0.3312260328565486
26.0	78.0	80.0	12000.0	0.5851444121088605	-3.850737836147567	-0.7368039369291637	-1.3946265145671077	-1.3219483490380242	2.456111321580459	1.6270090936943546	1.346586596825233
26.0	79.0	80.0	12000.0	1.1854981483950597	-1.509199626343471	0.15300916538149067	0.8528410101548616	-1.032488983013569	2.3620406364983326	1.1815800123275295	1.0153605639686845
27.0	81.0	82.0	22000.0	-2.084336921590597	2.085187430520989	-1.276847964913486	2.6848198198915725	0.8074889566771111	0.5996323893705835	0.6372370571296813	0.5529768538171425
27.0	81.0	83.0	22000.0	-2.618410490562929	39.132693992542315	2.058093913241237	41.0392118353559	4.676504403804166	1.9065178428135852	1.4243943281609717	0.9365092747660668
27.0	82.0	83.0	22000.0	-0.5166831011230437	37.04025303252101	3.334941878154723	38.35439201546433	3.8516249792777666	1.3141389829433194	0.7871572710312904	0.38353242094892437
28.0	84.0	85.0	11000.0	-0.190919910103168	-2.521311132377697	-1.352480740386909	-4.123759756813115	-1.161560830283741	-1.602448624435418	-0.5994801646348265	-0.9497122629082355
28.0	84.0	86.0	11000.0	1.9827371188320564	-8.136414734178441	2.8226682128185985	-10.038334766226171	0.8399310939865421	-1.9019200320477303	-0.842417876593629	-0.6240530125558337
28.0	85.0	86.0	11000.0	2.1287504230634386	-5.639200902257979	4.1751489532055075	-5.914575009413056	2.046398530142069	-0.27537410715507704	-0.24293771195880254	0.32565925035240184
29.0	87.0	88.0	21000.0	-1.3807354284433417	0.2003927696084551	-0.900529948896974	1.4233552342943767	0.4802054795463677	1.2229624646859216	0.9450720292806523	1.3294120985422637
29.0	87.0	89.0	21000.0	-3.2515166326365064	1.6665544145362379	-5.407156943474774	1.846416264614163	-2.155640310838268	0.1798618500779252	1.7291391188300906	1.9899604138915663
29.0	88.0	89.0	21000.0	-1.8955429283740077	1.369129111800376	-4.5066269945778	0.42306103031978637	-2.6110840662037926	-0.9460680814805897	0.7840670895494384	0.6605483153493026
30.0	90.0	91.0	22000.0	2.7787270519033695	0.22246754817876457	2.2016267282299395	0.14448876386200027	-0.57710032367343	-0.0779787843167643	-0.6992197598886492	-0.5252165563496334
30.0	90.0	92.0	22000.0	3.274459306246115	-4.165163459665669	2.613047484223898	-4.8232983042705655	-0.6614118220222167	-0.6581348446048967	-0.6332957515908646	-0.33246233743156495
30.0	91.0	92.0	22000.0	0.5415763322179297	-4.384033329813539	0.41142075599395866	-4.967787068132566	-0.130155576223971	-0.583753738319027	0.06592400829778455	0.19275421891806843
31.0	93.0	94.0	12000.0	12.691798160338573	14.48442581181888	12.03219097208671	16.303022360704972	-0.6596071882518633	1.8185965488860916	0.7780383288397559	1.627572349951521
31.0	93.0	95.0	12000.0	18.44826583432632	32.93522244756066	20.440752467226503	38.71084427708638	1.9924866329001816	5.7756218295257185	-0.14336844245096358	-0.30297605332272326
31.0	94.0	95.0	12000.0	5.71693664214739	18.53433627924537	8.408561495139793	22.40782191638141	2.691624852992403	3.8734856371360387	-0.9214067712907195	-1.9305484032742442
32.0	96.0	97.0	12000.0	2.738125297421102	3.527185120803785	2.1076852013922007	2.8264892279919422	-0.6304400960289014	-0.7006958928118427	0.7514214763400844	2.329908705097324
32.0	96.0	98.0	12000.0	5.200017927828112	1.6962839669771448	5.756924277279154	2.4377284124495873	0.556906349451042	0.7414444454724425	0.4006357460933714	1.5512339351170397
32.0	97.0	98.0	12000.0	2.4329899630965937	-1.9297298264940412	3.6492390758869533	-0.388760815542355	1.2162491127903596	1.5409690109516863	-0.350785730246713	-0.7786747699802845
33.0	99.0	100.0	22000.0	-0.5412359342782107	3.7860467102032915	3.216538303291486	6.453740308400938	3.7577742375696968	2.667693598197647	-1.1179900210365332	-1.3858757212435364
33.0	99.0	101.0	22000.0	1.3145550227109029	8.480703691008985	5.13229607168978	10.349102222861347	3.817741048978877	1.8683985318523622	-1.8797327180489702	-2.3982832873200834
33.0	100.0	101.0	22000.0	1.7804699833161077	4.73418094064294	1.9157577683982936	3.895361914460409	0.13528778508218586	-0.8388190261825308	-0.761742697012437	-1.012407566076547
34.0	102.0	103.0	21000.0	-1.1592455711978822	6.989634907952018	-1.3305680999694687	7.101575861378933	-0.1713225287715865	0.1119409534269149	1.2674413162004328	1.657925955803961
34.0	102.0	104.0	21000.0	2.9018204282184463	16.407105461231954	1.1479306147717807	17.25719661453013	-1.7538898134466656	0.8500911532981767	-0.01943658636434975	-0.36091755189984553
34.0	103.0	104.0	21000.0	4.0047500276647465	9.349485137913902	2.4784987147412494	10.155620753151197	-1.5262513129234971	0.8061356152372952	-1.2868779025647825	-2.0188435077038065
35.0	105.0	106.0	11000.0	-0.8781980041108524	-21.70489432042796	4.785487342225338	-13.859078100863826	5.66368534633619	7.845816219564135	1.1290951600109054	1.3237283815210361
35.0	106.0	107.0	11000.0	1.1802186318798462	-7.145321609753514	3.2381220684676464	-6.184092585853023	2.0579034365878	0.9612290239004917	0.5032711814002084	0.6936909991584486
36.0	108.0	109.0	12000.0	1.5297430240504966	0.9320008509691791	1.5488381718964774	0.4149908062861414	0.019095147845980875	-0.5170100446830377	-2.4059110841586886	-1.788187452910094
36.0	108.0	110.0	12000.0	1.9518812912324321	-0.13627669996038438	2.194921505760476	0.52407101914946	0.24304021452804392	0.6603477191098444	-1.2049240384746156	-2.0487481012576723
36.0	109.0	110.0	12000.0	0.5223420777699248	-1.0118510007994121	0.6460833338639986	0.10908021286331859	0.12374125609407383	1.1209312136627307	1.200987045684073	-0.2605606483475782
37.0	111.0	112.0	11000.0	-1.1499537721024682	5.245888011635142	-4.875096085057635	0.9320671922635029	-3.7251423129551666	-4.313820819371639	0.08601323122974236	0.4986019064180027
37.0	111.0	113.0	11000.0	1.899705165604706	7.0332804875601385	-3.7220429689485854	1.5850696456166133	-5.621748134553291	-5.448210841943525	0.2670203056926823	0.04086380776678311
37.0	112.0	113.0	11000.0	3.0390149419955277	1.8262111124919587	1.1530531161090494	0.6530024533531105	-1.8859618258864783	-1.1732086591388482	0.18100707446293995	-0.4577380986512196
38.0	114.0	115.0	21000.0	0.8155581019046751	22.533906258791074	2.6043462174890237	22.153254634526093	1.7887881155843486	-0.38065162426498134	0.018126050949575756	-0.8283985827445974
38.0	114.0	116.0	21000.0	-0.8058924882831588	31.010680329810874	1.4580969761835831	33.61942441732663	2.263989464466742	2.6087440875157526	0.6941884259406379	0.7354452872697408
38.0	115.0	116.0	21000.0	-1.5944312649174446	8.395654869083089	-1.1462492413054406	11.466169782800534	0.448182023612004	3.070514913717446	0.6760623749910621	1.5638438700143382
39.0	117.0	118.0	22000.0	-0.26557813306444533	-0.23612330513097035	-0.713356420233481	0.07125121665353618	-0.44777828716903567	0.3073745217845065	0.7488362634296948	1.6595047439014223
39.0	117.0	119.0	22000.0	-0.9577989228235744	-0.391702826941577	-1.8129379825453498	-1.5170440447870988	-0.8551390597217754	-1.1253412178455218	0.09410962730891015	1.2332940101481995
39.0	118.0	119.0	22000.0	-0.6229424162535535	-0.08313616608804342	-1.0995815623118688	-1.588295261440635	-0.47663914605831526	-1.5051590953525915	-0.6547266361207846	-0.4262107337532228
40.0	120.0	121.0	11000.0	-4.854846263731965	-15.269590126563427	-5.97075016711301	-18.98731611164112	-1.115903903381045	-3.717725985077694	-0.5630889497747376	-1.1054148799394596
40.0	120.0	122.0	11000.0	-9.599063112468965	-20.929318579586454	-9.396684477719873	-26.044789653139105	0.2023786347490919	-5.115471073552651	0.08072151547558803	0.3605438046395193
40.0	121.0	122.0	11000.0	-4.737893074338139	-5.654883111021496	-3.4259343106068627	-7.057473541497984	1.3119587637312762	-1.4025904304764882	0.6438104652503256	1.465958684578979
41.0	123.0	124.0	12000.0	14.908412744226792	-0.81246565134217	14.86627847690579	-4.018054293893556	-0.04213426732100167	-3.205588642551386	-1.779929544874733	-2.3031424520290216
41.0	123.0	125.0	12000.0	27.05751911465159	-8.216765792520926	23.72784317156038	-13.860831450839214	-3.3296759430912104	-5.644065658318288	-0.8135701489640894	-0.6977189868416502
41.0	124.0	125.0	12000.0	12.194820884692543	-7.400826433265015	8.86156469465459	-9.842777156945658	-3.333256190037954	-2.441950723680643	0.9663593959106436	1.6054234651873713
42.0	126.0	127.0	21000.0	1.614695227538724	1.9006023127627039	0.02232111397142944	1.3288313144983022	-1.5923741135672946	-0.5717709982644017	1.0982773292360264	0.35155366501800245
42.0	126.0	128.0	21000.0	-1.5540859984333188	10.11325664084688	-5.081908820298622	12.120681103032211	-3.5278228218653034	2.007424462185332	1.515181297546377	0.8303681765411852
42.0	127.0	128.0	21000.0	-3.1405281147248054	8.24895321347121	-5.104229934270052	10.79184978853391	-1.9637018195452463	2.5428965750626986	0.4169039683103506	0.4788145115231828
43.0	129.0	130.0	22000.0	-0.9042910146782921	-1.183887895058172	-0.46635574745528174	-1.4263343190286832	0.43793526722301035	-0.2424464239705113	-0.9258170621549908	-1.8070763197811743
43.0	129.0	131.0	22000.0	-0.4586743905699091	0.5890737782710316	-0.09050127479395087	-1.8016339683717888	0.36817311577595824	-2.3907077466428204	-0.8861939194806325	-1.2345162322226173
43.0	130.0	131.0	22000.0	0.4187868116727449	1.7824127161125753	0.3758544726613309	-0.37529964934310556	-0.04293233901141402	-2.157712365455681	0.03962314267435829	0.572560087558557
44.0	132.0	133.0	22000.0	5.419433820134714	6.37531764210769	5.518103948176645	6.468665893207572	0.0986701280419311	0.09334825109988198	-0.31455325826925673	-0.4057793804410892
44.0	132.0	134.0	22000.0	4.975437511785522	0.7813418435638741	8.489379286312897	-3.4638995630332374	3.5139417745273747	-4.245241406597112	-0.47553702734354886	0.44362368044987477
44.0	133.0	134.0	22000.0	-0.44766067358746486	-5.653544888938911	2.9712753381362518	-9.932565456240809	3.4189360117237166	-4.279020567301898	-0.16098376907429213	0.849403060890964
45.0	136.0	137.0	11000.0	6.669188553119956	2.4198358514510057	7.8867237825323855	1.9229083418517803	1.2175352294124293	-0.4969275095992254	-0.7100196526914431	-0.018248845388882273
46.0	138.0	139.0	21000.0	0.056445992135359724	-7.629757099693341	-0.4925373426947317	-7.612817064137971	-0.5489833348300914	0.01694003555537016	-1.5860656979184995	-1.3331610511409906
46.0	138.0	140.0	21000.0	-4.350550142649646	-11.708820719351781	-7.588682451335671	-11.64307473639451	-3.2381323086860254	0.06574598295727085	-1.645328881067016	-0.8481787763679591
46.0	139.0	140.0	21000.0	-4.434561816600036	-4.076775167814113	-7.09614510864094	-4.030257672256539	-2.6615832920409037	0.04651749555757423	-0.05926318314851642	0.48498227477303146
47.0	141.0	142.0	12000.0	-1.433506419203697	-0.8226316640684956	-1.4603442546983842	-0.8633705090201147	-0.026837835494687212	-0.04073884495161906	-0.4955005231862373	-0.0933995319513059
47.0	141.0	143.0	12000.0	1.0727973706008873	-0.05246843193205919	1.3417950073994689	2.0379112742152756	0.2689976367985816	2.090379706147335	-0.3627455375873865	1.138006878743667
47.0	142.0	143.0	12000.0	2.590641617100659	0.8358766444417309	2.802139262097853	2.9012817832353903	0.21149764499719392	2.0654051387936594	0.1327549855988508	1.231406410694973
48.0	144.0	145.0	22000.0	-0.3835101315134315	1.0058346884401912	0.853503036713164	2.610695722870787	1.2370131682265955	1.6048610344305958	0.06090934886971411	-0.9714782792985233
48.0	144.0	146.0	22000.0	1.5230940861023914	-1.7695086598369372	2.7768428858103107	-2.4909587282272696	1.2537487997079193	-0.7214500683903324	-0.1140049041936777	0.25066789897222463
48.0	145.0	146.0	22000.0	1.885526079730055	-2.800297517480309	1.9233398490971467	-5.101654451098057	0.03781376936709169	-2.3013569336177477	-0.1749142530633918	1.222146178270748
49.0	147.0	148.0	12000.0	1.2959927268601756	-0.9846443331111816	0.4717041114074618	-1.9705895309948573	-0.8242886154527138	-0.9859451978836757	-0.7636164522980664	-0.8645236471710689
49.0	147.0	149.0	12000.0	5.073787179088731	-1.5320141973627104	3.8978817572747175	-0.897144313478293	-1.1759054218140133	0.6348698838844173	-0.012396685766930204	-0.08721266437662223
49.0	148.0	149.0	12000.0	3.807115314086369	-0.600050354503721	3.4261776458672557	1.0734452175165643	-0.38093766821911323	1.6734955720202853	0.7512197665311362	0.7773109827944467
50.0	150.0	151.0	11000.0	0.22353004131286713	-1.4875301369885916	-0.9249663619596049	-2.622123711316817	-1.148496403272472	-1.1345935743282256	2.738814633489284	3.139040681412837
50.0	150.0	152.0	11000.0	0.7063257210610994	-1.7574563231737859	1.5120931521371404	-2.945636646094954	0.805767431076041	-1.188180322921168	2.7687318305013946	3.097222446555719
50.0	151.0	152.0	11000.0	0.41723093940338263	-0.18338570613654248	2.4370595140967453	-0.3235129347781367	2.0198285746933626	-0.14012722864159421	0.02991719701211082	-0.041818234857117886
51.0	153.0	154.0	21000.0	4.631713644423016	-2.3584935387937342	2.6170330147313052	-4.723130279401175	-2.0146806296917106	-2.364636740607441	-0.08955566835183504	0.22487925912795959
51.0	153.0	155.0	21000.0	8.406608665209518	-1.8160449220345098	5.024115876245105	-4.638369302703268	-3.382492788964413	-2.822324380668758	-0.6450434261655005	0.20210164284699772
51.0	154.0	155.0	21000.0	3.9164383821724256	0.6674009299536046	2.4070828615138	0.08476097669790761	-1.5093555206586258	-0.582639953255697	-0.5554877578136654	-0.022777616280961865
52.0	156.0	157.0	11000.0	0.9615557753733945	0.6401323577965332	0.9334308945310568	0.5280254969741236	-0.028124880842337774	-0.11210686082240962	1.4069761095342983	1.4559856522980823
52.0	156.0	158.0	11000.0	3.3556017840334125	-1.0301271574505497	4.525478142561383	-2.3018530488539	1.1698763585279703	-1.2717258914033502	2.804070956170392	2.673043327545159
52.0	157.0	158.0	11000.0	2.386890873625319	-1.7060864801879703	3.592047248030326	-2.8298785458280236	1.2051563744050071	-1.1237920656400533	1.3970948466360937	1.2170576752470765
53.0	160.0	161.0	21000.0	0.5823040651181719	-1.593802568395855	-3.7874349922499277	-3.3585596348339095	-4.3697390573681	-1.7647570664380545	-0.39756795194855954	-0.571988489388886
55.0	165.0	166.0	12000.0	-3.335088733813114	-0.646752049840555	-2.812858557120194	-1.4848916670543986	0.5222301766929203	-0.8381396172138436	0.06252777476045424	-0.5060109524748952
55.0	165.0	167.0	12000.0	-3.9428344046058657	0.27950322002984773	-4.286390106046156	1.5107593697739503	-0.34355570144029013	1.2312561497441026	1.1888852411220796	3.309545873871116
55.0	166.0	167.0	12000.0	-0.5859301563399555	0.9801718016884466	-1.473531548925962	2.995651036828349	-0.8876013925860065	2.0154792351399022	1.1263574663616254	3.815556826346011
56.0	168.0	169.0	21000.0	1.0518235524650628	-0.013140439257171899	0.22124796858315676	-0.809796197097512	-0.830575583881906	-0.7966557578403402	0.4778832602124936	-0.3018501689688122
56.0	168.0	170.0	21000.0	2.5642849871843945	-2.344972508961061	-1.218928307271426	-4.747213149250456	-3.7832132944558206	-2.4022406402893948	-0.27602477222939115	-0.33234819707122654
56.0	169.0	170.0	21000.0	1.3715511236594473	-2.4324504914100142	-1.4401762758545829	-3.937416952152944	-2.81172739951403	-1.5049664607429296	-0.7539080324418848	-0.03049802810241431
57.0	171.0	172.0	11000.0	-14.991925176751632	31.832200108885807	-10.440953163594713	40.66762276421923	4.550972013156919	8.835422655333424	0.1649901299155374	-0.18526642388633263
58.0	174.0	175.0	12000.0	2.79674340059655	1.0301755395220136	2.287618185039946	0.8016098836269521	-0.5091252155566037	-0.2285656558950615	-0.05868966783012297	-1.3618739455964146
58.0	174.0	176.0	12000.0	1.1794687325805535	-0.7427619544348172	1.4525659941507456	0.9870766590538551	0.2730972615701921	1.7298386134886723	-0.4758002563264654	-1.9585074084295968
58.0	175.0	176.0	12000.0	-1.4803152131018358	-1.7251563172307929	-0.8350521908892006	0.18546677542690304	0.6452630222126352	1.910623092657696	-0.4171105884963424	-0.5966334628331822
59.0	177.0	178.0	22000.0	0.9905569076982825	0.26469414060175733	2.5208113628673345	0.5300634381330838	1.530254455169052	0.26536929753132643	-0.9415705517252348	-2.0781327219979744
59.0	177.0	179.0	22000.0	0.9439024848472259	2.2248806345769667	2.34013670546301	1.4613052623851672	1.396234220615784	-0.7635753721917995	-2.1239362816266834	-2.8740172029829267
59.0	178.0	179.0	22000.0	-0.08968748572108876	1.9663379184549816	-0.18067465740432453	0.9312418242520835	-0.09098717168323578	-1.0350960942028982	-1.1823657299014485	-0.7958844809849523
60.0	180.0	181.0	21000.0	-1.8892962049678346	-7.160282643487935	-3.2552785689931625	-8.252578865849728	-1.365982364025328	-1.0922962223617922	0.03528459970736719	-0.2674566534861782
60.0	180.0	182.0	21000.0	-3.5024668170144038	-13.90457480396099	-7.8547959206939595	-15.851767033654824	-4.352329103679556	-1.947192229693833	-0.28426249043165797	0.0997492049312001
60.0	181.0	182.0	21000.0	-1.5275601756814554	-6.68188216177943	-4.599517351700797	-7.599188167805096	-3.0719571760193416	-0.9173060060256661	-0.31954709013902516	0.3672058584173783
61.0	183.0	184.0	22000.0	-0.009864201195355804	1.3582042765103113	0.45072755327328196	1.0806239450237172	0.46059175446863776	-0.2775803314865941	0.047991635271657174	0.849299840699743
61.0	183.0	185.0	22000.0	-0.8591426463253979	0.13169419256126957	-0.6100734849751461	0.06260276470152348	0.2490691613502518	-0.06909142785974609	1.2406289417416474	1.8904256863935842
61.0	184.0	185.0	22000.0	-0.9041564738710788	-1.2257289185946405	-1.060801038248428	-1.0180211803221937	-0.1566445643773493	0.20770773827244682	1.1926373064699902	1.0411258456938413
62.0	186.0	187.0	12000.0	-0.8707537138045645	1.2545067254679196	-0.3412620786998559	1.730198469069137	0.5294916351047085	0.47569174360121735	0.5950895588330383	0.5518518838006656
62.0	186.0	188.0	12000.0	0.6618235849707679	2.907248433538917	1.1561586100151544	3.448920429409327	0.49433502504438653	0.5416719958704102	0.11373145279893038	0.7471805515760366
62.0	187.0	188.0	12000.0	1.5596324150686236	1.6893960895827238	1.4974206887150103	1.71872196034019	-0.06221172635361327	0.029325870757466177	-0.4813581060341079	0.19532866777537095
63.0	189.0	190.0	11000.0	1.3233661463274933	0.07002034437749138	0.025443559756240575	-1.9402422647472122	-1.2979225865712527	-2.0102626091247036	0.6613110556144903	1.4500853345120674
63.0	189.0	191.0	11000.0	-2.1630868203641436	2.7056379611217913	-3.7060654628896827	0.14582852216176434	-1.5429786425255392	-2.559809438960027	2.762582124264199	3.216456983703182
63.0	190.0	191.0	11000.0	-3.555417036653645	2.5960658539842587	-3.7315090226459233	2.0860707869089765	-0.1760919859922785	-0.5099950670752822	2.1012710686497087	1.7663716491911146
64.0	192.0	193.0	12000.0	1.0	4.0	1.3907597045758848	0.9199232705568647	0.3907597045758848	-3.0800767294431353	-0.00011971728781645652	-0.8860911065725787
64.0	192.0	194.0	12000.0	-1.0	15.0	-0.9699563340391251	13.92723081510826	0.030043665960874932	-1.0727691848917402	0.800810573750681	0.293463694865963
64.0	193.0	194.0	12000.0	-2.1935701335864364	10.934512183659866	-2.36071603861501	13.007307544551395	-0.16714590502857352	2.0727953608915293	0.8009302910384974	1.1795548014385417
65.0	195.0	196.0	21000.0	-0.8879952670852154	-0.7442208851642231	-1.0829320911011564	-0.5951159081350852	-0.19493682401594103	0.14910497702913794	0.5153737440605823	1.409965110527196
65.0	195.0	197.0	21000.0	-2.018775795445661	-0.8287228310100581	-2.8145132809518145	0.07219539531752162	-0.7957374855061534	0.9009182263275797	-0.04762895316727622	-0.07980936654267623
65.0	196.0	197.0	21000.0	-1.0491012973227871	-0.052299479742492494	-1.7315811898506581	0.6673113034526068	-0.682479892527871	0.7196107831950993	-0.5630026972278586	-1.4897744770698722
66.0	198.0	199.0	22000.0	-0.10524075116791298	0.31840426681785683	-0.44151628298595824	-0.5897038875737053	-0.33627553181804526	-0.9081081543915621	0.8661431069839409	1.5656593102881118
66.0	198.0	200.0	22000.0	1.1089248909739453	-3.4500040386590465	0.8259858062904186	-6.559705210843958	-0.2829390846835267	-3.109701172184912	2.4461009342403486	3.5161214125224802
66.0	199.0	200.0	22000.0	1.133182873499698	-3.822635245192785	1.2675020892763769	-5.970001323270253	0.13431921577667882	-2.147366078077468	1.5799578272564077	1.9504621022343684
67.0	201.0	202.0	11000.0	-2.208450256762432	2.0457788181473493	-2.288722799785319	2.592212004058638	-0.080272543022887	0.5464331859112885	-0.31609847340604347	0.19542186727211686
67.0	201.0	203.0	11000.0	0.6093594810946179	0.8672072293200852	1.8904351867704463	1.0599834204826948	1.2810757056758284	0.19277619116260958	-0.19911619543941583	0.8852817230367549
67.0	202.0	203.0	11000.0	2.850637852231163	-1.1843640148840038	4.179157986555765	-1.532228583575943	1.3285201343246023	-0.34786456869193927	0.11698227796662763	0.689859855764638
68.0	204.0	205.0	12000.0	-1.0474573047741051	0.29239632862578535	-1.5047304765098488	0.46112278311693444	-0.45727317173574367	0.1687264544911491	-0.19082265176656676	0.2353879620893906
68.0	204.0	206.0	12000.0	-1.52040236034947	-0.18724749021449139	-2.0855634529152667	1.4590795977701418	-0.5651610925657966	1.6463270879846332	-0.17740541563554757	-0.5301367980135439
68.0	205.0	206.0	12000.0	-0.3412389513035725	-0.403848899419315	-0.5808329764054179	0.9979568146532074	-0.23959402510184535	1.4018057140725224	0.013417236131019195	-0.7655247601029345
69.0	207.0	208.0	11000.0	0.8160240027946077	0.3997283172479227	0.5402667676767123	0.11029725738467278	-0.2757572351178954	-0.2894310598632499	1.1137924702969713	0.8177135940918134
69.0	207.0	209.0	11000.0	-8.138068924895858	5.681342254788403	-5.996557516328721	6.77878576375997	2.141511408567137	1.0974435089715673	1.4374071028410071	1.123910655230219
69.0	208.0	209.0	11000.0	-9.07893831151388	5.176892337078283	-6.536824284005434	6.668488506375297	2.542114027508447	1.491596169297014	0.3236146325440359	0.3061970611384055
70.0	210.0	211.0	22000.0	-0.313823927810871	-3.124608801838799	0.8972922643558832	-1.2488810398651822	1.2111161921667541	1.875727761973617	1.4024694350216862	3.083468100084886
70.0	210.0	212.0	22000.0	-6.786662756238227	-1.8859243008782478	-4.411028296987979	0.6543137012024545	2.3756344592502483	2.5402380020807023	0.8716029519146957	1.9232503163761976
70.0	211.0	212.0	22000.0	-6.541351773011099	1.1918652104201577	-5.308320561343862	1.9031947410676366	1.233031211667237	0.711329530647479	-0.5308664831069905	-1.1602177837086884
71.0	213.0	214.0	21000.0	0.19169407752697687	0.24094090267344992	0.9601825973663836	0.3054169253850887	0.7684885198394067	0.06447602271163877	-0.6609191738889706	-1.1127421059848928
71.0	213.0	215.0	21000.0	-0.25255578768025444	2.1608012536272954	-1.9058679664603915	2.1250302702919726	-1.653312178780137	-0.035770983335322803	0.08489035589951754	0.41843939049222456
71.0	214.0	215.0	21000.0	-0.4677565052898123	1.9025277889215761	-2.866050563826775	1.8196133449068839	-2.3982940585369628	-0.08291444401469228	0.7458095297884881	1.5311814964771173
72.0	216.0	217.0	22000.0	-1.5992661238558057	-0.8639498307338078	-0.2728837218874105	-0.13906832410884817	1.3263824019683952	0.7248815066249596	0.19657826019589208	1.8961803145550675
72.0	216.0	218.0	22000.0	-0.3132599426385019	-1.2966588813053077	0.06294578479128177	-3.422059005457868	0.37620572742978364	-2.12540012415256	-0.2878364690514843	-1.267122134875791
72.0	217.0	218.0	22000.0	1.1221258565701095	-0.5557195160035713	0.33582950667869227	-3.2829906813490197	-0.7862963498914173	-2.7272711653454484	-0.4844147292473764	-3.1633024494308586
73.0	220.0	221.0	12000.0	-14.653883595945178	-3.419076559296607	-16.216947044000335	-0.8322068700858836	-1.563063448055157	2.5868696892107232	0.08793529233118136	0.17806966812725022
74.0	223.0	224.0	11000.0	-3.027879707681098	4.280196990458632	-0.5593176895584975	5.034091090724587	2.4685620181226007	0.7538941002659554	0.7274047929000602	-1.4592555112676564
75.0	225.0	226.0	21000.0	3.7112277369988487	-3.5602013026656927	2.9559799315682085	-6.196692268250899	-0.7552478054306402	-2.6364909655852067	1.3619390094787605	-0.8308576615680181
75.0	225.0	227.0	21000.0	3.3406850207216916	-7.640828191609527	0.36418816450964187	-11.379413468755502	-2.9764968562120497	-3.738585277145974	1.4997114540134362	-0.6616880759609529
75.0	226.0	227.0	21000.0	-0.2618607110712121	-4.004369953635564	-2.5917917670585666	-5.182721200504602	-2.3299310559873545	-1.1783512468690382	0.13777244453467574	0.1691695856070652
76.0	228.0	229.0	11000.0	0.547174862959233	-0.0731773395465618	0.6859414108616875	-0.9283066741545554	0.13876654790245446	-0.8551293346079936	0.6116723777427922	0.16693001358851234
76.0	228.0	230.0	11000.0	0.26601667241381577	0.8874356752970991	1.1436302942684051	0.08571463670591584	0.8776136218545894	-0.8017210385911833	-0.06461758512415372	0.9225040877523583
76.0	229.0	230.0	11000.0	-0.21420459369866407	0.9479329121090689	0.45768888340671765	1.0140213108604712	0.6718934771053817	0.06608839875140227	-0.6762899628669459	0.7555740741638459
77.0	231.0	232.0	21000.0	2.9764840056985795	-0.9404196839540422	5.018426453804068	-1.165938539713352	2.0419424481054884	-0.22551885575930974	-1.1927251031740695	-2.1587605578623936
77.0	231.0	233.0	21000.0	5.689486048517576	-5.502439246392717	6.514502453227124	-6.178263928584329	0.8250164047095474	-0.6758246821916121	-0.09573126237211227	-0.12396946920331686
77.0	232.0	233.0	21000.0	2.7455524751590232	-4.525523969942245	1.4960759994230557	-5.012325388870977	-1.2494764757359675	-0.4868014189287315	1.0969938408019573	2.0347910886590768
78.0	234.0	235.0	12000.0	7.995941009548665	-0.6501029371125675	7.89394492943552	-3.0955389745263346	-0.1019960801131452	-2.445436037413767	-2.9843615618554082	-2.5339505122552453
78.0	234.0	236.0	12000.0	11.174885000613322	-6.706276043387401	9.221735264374729	-7.75202515738647	-1.9531497362385934	-1.0457491139990687	-3.37682069229389	-1.3805990482645285
78.0	235.0	236.0	12000.0	3.123079301198599	-6.063662149863116	1.327790334939209	-4.656486182860135	-1.79528896625939	1.4071759670029804	-0.3924591304384819	1.1533514639907168
79.0	237.0	238.0	22000.0	-3.052844713382454	3.735696275146587	-2.9999971159422785	4.27289685196547	0.05284759744017542	0.5372005768188828	-1.0132511511721276	-2.0997122177689675
79.0	237.0	239.0	22000.0	-13.89732420472793	8.161117364894146	-13.499058727064948	10.465609602279756	0.3982654776629815	2.3044922373856096	-0.6013225677233294	-1.080809499752462
79.0	238.0	239.0	22000.0	-10.868904350646536	4.424600769699025	-10.49906161112267	6.192712750314286	0.36984273952386637	1.7681119806152603	0.41192858344879824	1.0189027180165056
80.0	240.0	241.0	22000.0	-0.14261469468742494	0.3149878562102364	-0.8106065968900111	-0.30349715256261334	-0.6679919022025862	-0.6184850087728497	-0.12458364447579129	0.8644219447747332
80.0	240.0	242.0	22000.0	3.494087511593672	-4.668842077875091	3.0395774528435595	-6.750051101897952	-0.4545100587501123	-2.0812090240228613	-1.0090247906323668	-0.7309064154079437
80.0	241.0	242.0	22000.0	3.6863194501966197	-4.973237114224877	3.8501840497335706	-6.446553949335339	0.16386459953695098	-1.4733168351104622	-0.8844411461565755	-1.5953283601826769
81.0	243.0	244.0	11000.0	-0.7661232371821551	2.0816716812319216	2.2799599621380366	3.770607365816659	3.046083199320192	1.6889356845847372	-1.1407242202955388	-1.721920397536266
81.0	243.0	245.0	11000.0	-1.9468000267984094	8.168660322073361	2.3082475188969056	9.380477818462623	4.255047545695315	1.211817496389262	-0.09697063775620052	-0.12974198648346658
81.0	244.0	245.0	11000.0	-1.1799537371903668	6.081306018300955	0.02828755675886896	5.609870452645964	1.2082412939492357	-0.4714355656549909	1.0437535825393383	1.5921784110527994
82.0	246.0	247.0	21000.0	3.8359911739178862	-3.762811666932622	3.474899067819024	-5.305918901302448	-0.36109210609886233	-1.5431072343698258	1.3097880956107986	0.6378018687068163
82.0	246.0	248.0	21000.0	5.111593607327517	-5.9852547723641845	3.612568310736151	-7.827360317962302	-1.4990252965913662	-1.842105545598118	-0.19022198951662972	-0.019568676712893307
82.0	247.0	248.0	21000.0	1.2529446406725038	-2.23320738026231	0.13766924291712712	-2.5214414166598544	-1.1152753977553767	-0.28823403639754464	-1.5000100851274283	-0.6573705454197096
83.0	249.0	250.0	12000.0	0.780241978950686	-0.7569712763019707	0.4754618149279395	-0.9272153740087106	-0.30478016402274655	-0.17024409770673987	0.35788620126913884	0.4488091408279189
83.0	249.0	251.0	12000.0	3.880091138507666	-0.9149372806615981	2.503222374215511	-0.48674737710916816	-1.3768687642921549	0.4281899035524299	0.13961972856446891	-0.08764658839837125
83.0	250.0	251.0	12000.0	3.1615707354839353	-0.16714795938746718	2.0277605592875716	0.4404679968995424	-1.1338101761963637	0.6076159562870096	-0.21826647270466992	-0.5364557292262901
84.0	252.0	253.0	21000.0	0.05059470953871781	-4.671617652553576	-2.892233836108062	-5.23034302173528	-2.9428285456467798	-0.5587253691817038	1.0660971082293145	1.2234790475865367
84.0	252.0	254.0	21000.0	1.1974607754500646	-1.8528443449893777	-3.819896644599339	-2.808295654655467	-5.017357420049404	-0.9554513096660893	1.373179735052787	1.6283319583769753
84.0	253.0	254.0	21000.0	1.0484303736912723	2.87539536185439	-0.9276628084912772	2.422047367079813	-1.9760931821825496	-0.4533479947745773	0.30708262682347254	0.4048529107904386
85.0	255.0	256.0	22000.0	-1.6506814388175481	1.2064395595176576	-0.2906414523388321	1.9024113325549479	1.360039986478716	0.6959717730372903	0.3543632583030387	1.0329868142787575
85.0	255.0	257.0	22000.0	-1.4401588565181473	4.5689949109927674	-0.5887904087148854	3.9804118085071423	0.8513684478032619	-0.5885831024856252	2.692155614031549	3.244892441311194
85.0	256.0	257.0	22000.0	0.10583782702181477	3.315860840059843	-0.2981489563760533	2.0780004759521944	-0.4039867833978681	-1.2378603641076484	2.33779235572851	2.2119056270324364
86.0	258.0	259.0	12000.0	2.9887804016301267	-0.10650435032413874	2.4220672180153997	-0.9595125009752792	-0.566713183614727	-0.8530081506511404	-0.7077617394749467	0.032284154248429786
86.0	258.0	260.0	12000.0	0.013686031259133813	0.376695762113302	-0.7759316641545411	1.3009302079788085	-0.7896176954136749	0.9242344458655065	-0.726946350180782	-1.2546243229900824
86.0	259.0	260.0	12000.0	-3.021929088034267	0.522292108702179	-3.1979988821699408	2.2604427089540877	-0.1760697941356737	1.7381506002519087	-0.019184610705835325	-1.2869084772385122
87.0	261.0	262.0	11000.0	-0.5378700465779236	0.32203262810435973	-3.2266333655570634	-2.0861056366886714	-2.68876331897914	-2.408138264793031	-0.3251093292941505	-0.6541596218596908
87.0	261.0	263.0	11000.0	-0.06516255070121701	2.0326417247016497	-0.4827516262689642	-0.33314492759495806	-0.41758907556774716	-2.365786652296608	-0.6668085625111502	-0.6870677272253687
87.0	262.0	263.0	11000.0	0.4369263985431191	1.6757049112743347	2.743881739288099	1.7529607090937134	2.30695534074498	0.07725579781937864	-0.3416992332169997	-0.0329081053656779
88.0	264.0	265.0	22000.0	-0.09137090615754584	3.2534260215052964	-0.647105333745003	3.556985084940152	-0.5557344275874572	0.3035590634348555	0.2642001785847867	-0.9666214186756434
88.0	264.0	266.0	22000.0	-7.586893284818195	4.319554151281554	-6.479939413032298	6.186498907207351	1.1069538717858967	1.8669447559257977	-0.5453603956061954	-0.8157597737765343
88.0	265.0	266.0	22000.0	-7.4745832277070505	1.0945074350327522	-5.832834079287295	2.6295138222671994	1.6417491484197555	1.5350063872344473	-0.8095605741909822	0.15086164489910914
89.0	267.0	268.0	11000.0	-3.724488359760749	2.301436448560601	-3.795052310400024	4.245819962696714	-0.07056395063927479	1.9443835141361134	0.5564589746532818	1.07627462731962
89.0	267.0	269.0	11000.0	-6.84927990589093	3.0201248701154544	-4.888344363749184	6.218591831007416	1.9609355421417467	3.1984669608919614	-0.09216706243884687	0.1931828517824954
89.0	268.0	269.0	11000.0	-3.1476557962885163	0.6072139984812344	-1.0932920533491597	1.9727718683107014	2.0543637429393566	1.365557869829467	-0.6486260370921286	-0.8830917755371246
90.0	270.0	271.0	21000.0	4.561718515471647	1.2617766984940442	4.973993458967243	1.4237051822467492	0.41227494349559635	0.16192848375270508	-0.5177674165352073	-0.3770917229363704
90.0	270.0	272.0	21000.0	2.2583576070486	2.49566591882032	3.1924104364959476	3.689793993034982	0.9340528294473476	1.194128074214662	-0.9075607452829928	-1.283544770430126
90.0	271.0	272.0	21000.0	-2.2360067545443494	1.2873213630870985	-1.7815830224712954	2.266088810788233	0.454423732073054	0.9787674477011343	-0.3897933287477855	-0.9064530474937555
91.0	273.0	274.0	12000.0	-0.5461395068561083	-0.2894270582965177	-0.9004424958393429	-0.6273599463829669	-0.35430298898323453	-0.33793288808644917	1.5645794987437398	-0.18753067845439375
91.0	273.0	275.0	12000.0	-0.15317569463269542	-1.0604107139411436	-0.008098608060663537	0.649466328307426	0.1450770865720319	1.7098770422485696	0.616534500405038	-0.5069413407578907
91.0	274.0	275.0	12000.0	0.38511833998603606	-0.8285350720285773	0.8923438877786793	1.276826274690393	0.5072255477926433	2.1053613467189702	-0.9480449983387018	-0.3194106623034969
92.0	276.0	277.0	12000.0	0.3604626775690045	1.0036035122320364	1.532958503728878	-0.3593035379071807	1.1724958261598735	-1.362907050139217	-0.026668562746706925	0.6112918143964805
92.0	276.0	278.0	12000.0	5.4995718509031	2.9505523535541567	5.170894524665073	0.9960509683560304	-0.3286773262380276	-1.9545013851981263	-0.21730071066497203	0.15349578783639117
92.0	277.0	278.0	12000.0	5.146821535097126	1.8896553547423292	3.637936020936195	1.355354506263211	-1.508885514160931	-0.5343008484791181	-0.1906321479182651	-0.45779602656008933
93.0	279.0	280.0	21000.0	4.262548340237821	2.2802038609797624	2.553054850418903	0.6743744779862482	-1.709493489818918	-1.6058293829935142	-1.0700402308597603	-1.5245883233599926
93.0	279.0	281.0	21000.0	6.340430787455751	14.068246442851681	3.0615507100146715	13.855745846334003	-3.2788800774410793	-0.21250059651767828	-0.8344929821308824	-1.3325478810774882
93.0	280.0	281.0	21000.0	2.093410043521402	11.820582206444687	0.5084958595957687	13.181371368347754	-1.5849141839256333	1.3607891619030674	0.2355472487288779	0.1920404422825044
94.0	282.0	283.0	11000.0	0.24423137978111864	-2.6076126017214385	1.050344983220839	-4.778795469769648	0.8061136034397203	-2.1711828680482093	1.4978095753261016	0.9708301376619204
94.0	282.0	284.0	11000.0	1.4877548142587358	-2.4737440375683795	2.9532760302936367	-4.605429934994845	1.465521216034901	-2.1316858974264656	2.291201096012074	2.634589299122524
94.0	283.0	284.0	11000.0	1.0950687031174784	0.1958839449586609	1.9029310470727978	0.17336553477480265	0.8078623439553194	-0.02251841018385825	0.7933915206859723	1.6637591614606038
95.0	285.0	286.0	22000.0	3.0421201286701818	-3.294450147033001	4.430986644894347	-2.1144866629422268	1.388866516224165	1.1799634840907745	0.6250135975544708	1.2393521168719417
95.0	285.0	287.0	22000.0	2.204124023732808	-3.73204040485129	3.040781657741718	-4.744524051601957	0.83665763400891	-1.0124836467506668	0.20567121809415312	0.0037723632272985697
95.0	286.0	287.0	22000.0	-0.6943945292353266	-0.4990491964846857	-1.3902049871526287	-2.63003738865973	-0.6958104579173021	-2.130988192175044	-0.4193423794603177	-1.2355797536446431
96.0	288.0	289.0	11000.0	10.64878118410099	-0.7312171661078741	9.736876009537355	-0.7183333908892564	-0.9119051745636355	0.012883775218617721	1.4945439389329351	0.8009334705187001
96.0	288.0	290.0	11000.0	7.79908926176941	1.0771850371971787	9.4439873312092	1.7009382480473505	1.6448980694397903	0.6237532108501718	0.6777363365971638	0.4097874772134418
96.0	289.0	290.0	11000.0	-2.8842280764149635	1.7405121021679593	-0.29288867832815413	2.419271638936607	2.5913393980868094	0.6787595367686476	-0.8168076023357713	-0.39114599330525834
97.0	291.0	292.0	22000.0	-2.1663106299573904	-0.03424553608365777	-3.8079025869928955	-0.4924692084525759	-1.641591957035505	-0.45822367236891814	1.834537272338693	1.6519072482419404
97.0	291.0	293.0	22000.0	-0.9663686932746653	-2.5738074383444998	-3.1565865702077645	-4.361859540178557	-2.190217876933099	-1.7880521018340572	2.1364258842713326	1.5188318667815253
97.0	292.0	293.0	22000.0	1.295583988787337	-2.4544896385642234	0.6513160167851311	-3.869390331725981	-0.644267972002206	-1.4149006931617576	0.3018886119326396	-0.1330753814604151
98.0	294.0	295.0	21000.0	-1.46699244910313	2.0816193635931635	-0.057755069405857284	2.0658930544379928	1.4092373796972728	-0.015726309155170703	0.32758882665709166	0.941807881749213
98.0	294.0	296.0	21000.0	-0.9266067017683097	3.7525259882172355	-0.45488684289830417	4.271003090297654	0.47171985887000556	0.5184771020804186	0.04176194328053384	1.3819147154961087
98.0	295.0	296.0	21000.0	0.4931105677257328	1.704534237274152	-0.3971317734924469	2.2051100358596614	-0.8902423412181797	0.5005757985855093	-0.2858268833765578	0.44010683374689563
99.0	297.0	298.0	12000.0	2.6346486902797235	0.741429256500135	6.624540377073572	5.4787807117070315	3.9898916867938485	4.7373514552068965	0.021233081471621063	1.3907732850327506
99.0	297.0	299.0	12000.0	2.316925912813244	2.766875872420308	6.034490197480864	8.035913904220251	3.7175642846676196	5.269038031799943	0.6797363906017893	0.19841139567998312
99.0	298.0	299.0	12000.0	-0.32766703913300166	2.1361729312939133	-0.5900501795927084	2.55713319251322	-0.2623831404597068	0.42096026121930663	0.6585033091301682	-1.1923618893527674
