0.0	0.0	1.0	21000.0	0.041421574893430346	-0.4620413630429052	-0.5044238355956168	-0.8395786745438727	-0.5458454104890471	-0.3775373115009675	-0.6559265593648433	-1.972441014719223
0.0	0.0	2.0	21000.0	0.4346825531287255	0.0696893785484507	-2.1686012336351723	-1.783539303785119	-2.603283786763898	-1.8532286823335697	-1.5167908980558593	-4.52841217267229
0.0	1.0	2.0	21000.0	0.3293652247452261	0.5360042122894946	-1.6641773980395556	-0.9439606292412464	-1.9935426227847817	-1.479964841530741	-0.860864338691016	-2.555971157953067
1.0	3.0	4.0	11000.0	-0.007739843314463535	0.3483017897670395	-0.22913737694625524	0.14782219615312897	-0.2213975336317917	-0.20047959361391055	-0.3625871797067646	-0.7739254206946384
1.0	3.0	5.0	11000.0	0.020605320666875926	0.6921143173466557	1.0288006328380561	0.12193166732845384	1.0081953121711802	-0.5701826500182019	-0.9750834439717693	-1.1918070470767361
1.0	4.0	5.0	11000.0	0.04489308358353128	0.24004655364231908	1.2579380097843114	-0.02589052882467513	1.21304492620078	-0.2659370824669942	-0.6124962642650047	-0.4178816263820977
2.0	6.0	7.0	22000.0	0.03976597952810934	-0.48581432238043654	-1.6324105700291511	5.151274284394276	-1.6721765495572605	5.637088606774713	1.3033044666797338	5.595322570533895
3.0	9.0	10.0	12000.0	0.3850282794481492	-0.09686321634409456	2.6340107091818936	-5.442199705692019	2.2489824297337444	-5.3453364893479245	-2.4729286053279225	-6.750773586181197
3.0	9.0	11.0	12000.0	0.7608617816132606	-1.276683974187848	0.7568681917246067	-5.468035106205662	-0.003993589888653837	-4.191351132017814	-1.7725722541740936	-6.378944574574277
3.0	10.0	11.0	12000.0	0.27957171060554575	-1.0520705868184237	-1.8771425174572869	-0.025835400513642526	-2.1567142280628326	1.0262351863047812	0.7003563511538289	0.37182901160691983
4.0	12.0	14.0	12000.0	1.1392392133761735	-0.5907151787755058	0.9074514137198548	-6.971593394681804	-0.23178779965631868	-6.380878215906298	-1.9912512535565128	-1.06928501949956
4.0	13.0	14.0	12000.0	0.48945398361888337	0.28802230001107	1.0613170880030793	3.971645969830888	0.571863104384196	3.683623669819818	-0.5341017532453378	2.098388304276426
5.0	15.0	16.0	22000.0	-0.24248907345085335	-0.0933609734454004	-0.7684303057478701	2.1031200571394493	-0.5259412322970167	2.1964810305848497	-0.0979705370899353	4.003067340601461
5.0	15.0	17.0	22000.0	-0.021471571540872425	0.1300642258330198	0.07525306984416602	0.17123582217436706	0.09672464138503845	0.04117159634134726	-0.09678399437689222	2.4686579226028726
5.0	16.0	17.0	22000.0	0.22198505168356952	0.20916328933273487	0.8436833755920361	-1.9318842349650822	0.6216983239084666	-2.141047524297817	0.0011865427130430817	-1.5344094179985888
6.0	18.0	19.0	21000.0	-0.1973853584190124	0.06558704006566618	-0.9886158781378072	-0.6302664246109089	-0.7912305197187948	-0.695853464676575	-0.2347380921323179	-0.3652741781165645
6.0	18.0	20.0	21000.0	-0.44541858174885984	0.07271513069415203	-2.625094441386409	-0.7214843020465196	-2.179675859637549	-0.7941994327406716	0.31539800166305554	0.39884180774670597
6.0	19.0	20.0	21000.0	-0.3141428856213295	0.03211658865751499	-1.6364785632486019	-0.09121787743561072	-1.3223356776272723	-0.1233344660931257	0.5501360937953734	0.7641159858632705
7.0	21.0	22.0	11000.0	-0.049967721930750386	0.13793746569893983	-0.04150430611230149	0.03568855106186675	0.008463415818448894	-0.10224891463707309	-0.7859749054660483	-0.22320323694791
7.0	21.0	23.0	11000.0	0.17210492294048407	0.2983985151021482	2.1251218109919137	-0.04338835920407291	1.9530168880514296	-0.3417868743062211	-1.1534894464549694	-0.8642929587080062
7.0	22.0	23.0	11000.0	0.18176481821878276	0.1478578148178329	2.166626117104215	-0.07907691026593966	1.9848612988854324	-0.22693472508377255	-0.3675145409889211	-0.6410897217600962
8.0	24.0	25.0	12000.0	1.8996359275365187	-0.10583222929610514	4.546975312097402	-4.07234166885064	2.6473393845608832	-3.9665094395545353	-1.855098238216442	-5.821474571215276
8.0	24.0	26.0	12000.0	2.4290683603439716	-1.0493974129622305	6.162803382857874	-2.5477910081344817	3.733735022513902	-1.4983935951722511	-0.6827424362874694	-4.421440914230033
8.0	25.0	26.0	12000.0	0.539808755746015	-0.9596762432814874	1.6158280707604717	1.5245506607161587	1.0760193150144568	2.484226903997646	1.1723558019289726	1.4000336569852436
9.0	27.0	28.0	21000.0	0.7014957927592818	0.7307414939752688	1.9871660400999644	0.9624766743108921	1.2856702473406827	0.23173518033562335	0.029410672462375942	0.18421861832679554
9.0	27.0	29.0	21000.0	0.837046773893352	0.4148698261776218	1.4492245626508975	1.1344134612759262	0.6121777887575455	0.7195436350983044	-0.38998866904078966	0.1184375693361801
9.0	28.0	29.0	21000.0	0.10034341309322947	-0.25666643354867524	-0.537941477449067	0.17193678696503412	-0.6382848905422964	0.42860322051370936	-0.4193993415031656	-0.06578104899061543
10.0	30.0	31.0	22000.0	-0.3338808380667384	-0.9067379385664376	3.35832441780758	2.7527723292805604	3.6922052558743186	3.659510267846998	-0.08568205704318643	0.09403870523938451
10.0	30.0	32.0	22000.0	-1.681442971638912	-0.9734624883036718	0.41701002754371075	-4.288782052810802	2.098452999182623	-3.3153195645071305	-1.3431199137514085	-7.226446773995221
10.0	31.0	32.0	22000.0	-1.244580869410865	-0.06502225464597	-2.9413143902638694	-7.041554382091363	-1.6967335208530043	-6.976532127445393	-1.257437856708222	-7.3204854792346055
11.0	33.0	34.0	11000.0	-0.2773613736141627	-0.37617918980246934	-0.7304763582731084	-1.0621508050076045	-0.45311498465894573	-0.6859716152051352	0.41051989813180967	0.12980845458777424
11.0	33.0	35.0	11000.0	-0.17594233247671465	-0.9997573028638618	-1.8743442563502413	-0.7139818896046108	-1.6984019238735266	0.28577541325925093	1.4066191563196924	3.866912244631223
11.0	34.0	35.0	11000.0	0.027848262116736855	-0.4723770999556276	-1.1438678980771328	0.34816891540299366	-1.1717161601938697	0.8205460153586213	0.9960992581878827	3.7371037900434487
12.0	36.0	37.0	12000.0	-0.3089559368871555	-0.865648146178807	0.030795352470477155	-0.6289843720153385	0.33975128935763266	0.2366637741634685	0.11495746259835471	-0.9064777506160198
12.0	36.0	38.0	12000.0	-0.30905149543713595	-0.6099043628871854	-0.7993219846100601	0.4543523696677312	-0.49027048917292415	1.0642567325549166	0.6853509481118323	0.5335639923635114
12.0	37.0	38.0	12000.0	-0.050874829776923924	0.22836348168077514	-0.8301173370805373	1.0833367416830697	-0.7792425073036133	0.8549732600022946	0.5703934855134776	1.4400417429795311
13.0	39.0	40.0	11000.0	0.3952686375931789	-0.39043532230432376	0.6574113095421126	-0.23243842944020798	0.2621426719489337	0.15799689286411578	-0.4432398430089961	-0.8423531537238063
13.0	39.0	41.0	11000.0	0.7656104319993968	-0.7172568114764912	1.9205623115376511	0.09558749122152221	1.1549518795382543	0.8128443026980134	-0.8694036134717322	-1.0542698747430563
13.0	40.0	41.0	11000.0	0.18255415024120047	-0.19251775435450824	1.2631510019955385	0.3280259206617302	1.080596851754338	0.5205436750162384	-0.4261637704627361	-0.21191672101925008
14.0	42.0	43.0	21000.0	-0.24851168071621643	-0.6033085894007151	-0.09819192164991364	-2.4214188394589655	0.1503197590663028	-1.8181102500582504	-1.1908294064787555	-3.3871437511978257
14.0	42.0	44.0	21000.0	-0.0157886785609902	-1.219560281495787	0.13110111749529096	-5.092961592937172	0.14688979605628116	-3.873401311441385	-2.2672449943407997	-6.8855808533897545
14.0	43.0	44.0	21000.0	0.30596858377543157	-0.5921243041365685	0.2292930391452046	-2.6715427534782066	-0.07667554463022697	-2.079418449341638	-1.0764155878620443	-3.4984371021919287
15.0	45.0	46.0	22000.0	-0.2169363740356749	0.2682300732559284	-3.4897885189104727	-0.10343006352741213	-3.272852144874798	-0.37166013678334053	-0.668161816823158	-0.2004896201824664
15.0	45.0	47.0	22000.0	-1.4931568632542875	-0.20993416273096788	-7.041842355296467	-1.7417215367270273	-5.548685492042179	-1.5317873739960595	0.1548333618451352	-0.28124671346900243
15.0	46.0	47.0	22000.0	-1.1607260937713697	-0.5936097250908219	-3.552053836385994	-1.6382914731996152	-2.3913277426146244	-1.0446817481087933	0.8229951786682932	-0.08075709328653602
16.0	48.0	49.0	22000.0	-0.31840374730215437	0.05359052130060249	0.637067544292222	-1.1828716346340116	0.9554712915943764	-1.236462155934614	-0.6062732872168084	-1.0822072349081537
16.0	48.0	50.0	22000.0	-0.17155426065294677	0.7169471345286578	1.7293176940947887	-2.5485302854208385	1.9008719547477355	-3.2654774199494963	-0.00871956893175252	-1.8514537671321563
16.0	49.0	50.0	22000.0	0.04844880312736777	0.600315321118746	1.0922501498025667	-1.365658650786827	1.043801346675199	-1.9659739719055729	0.5975537182850559	-0.7692465322240025
17.0	51.0	52.0	21000.0	1.0115220647310084	0.1402335154202321	0.24363163764928686	0.04241276392644977	-0.7678904270817215	-0.09782075149378233	-1.7933613718543597	-0.6066661034547707
17.0	51.0	53.0	21000.0	0.721847632436492	0.048992814886442915	0.30229136052685135	0.16070754896941253	-0.4195562719096406	0.11171473408296961	-2.332081126834538	-1.612326269931316
17.0	52.0	53.0	21000.0	-0.22559482394385277	-0.06066034824678468	0.05865972287756449	0.11829478504296276	0.28425454682141726	0.17895513328974744	-0.5387197549801783	-1.0056601664765452
18.0	54.0	55.0	12000.0	0.74363357234306	-0.23365461869411597	1.3691898854945066	-0.2636322618880058	0.6255563131514466	-0.029977643193889847	-1.0762335309697875	-0.9428876705697888
18.0	54.0	56.0	12000.0	0.8330888206615654	-0.2552538121368215	3.522322705631268	-2.487030967389046	2.6892338849697026	-2.2317771552522245	-2.4178207604852275	-6.911655188216571
18.0	55.0	56.0	12000.0	0.06598921198572771	0.025632771971685564	2.1531328201367614	-2.2233987055010402	2.0871436081510337	-2.249031477472726	-1.34158722951544	-5.968767517646782
19.0	57.0	58.0	11000.0	-0.417044813539996	-0.1448638757410139	1.2929287536951506	-2.8469054022725686	1.7099735672351466	-2.7020415265315547	-3.0438770368052985	-11.133563719013608
19.0	57.0	59.0	11000.0	-0.038541271619378925	-0.15167561688122344	8.358050099688853	4.067545624915965	8.396591371308233	4.219221241797189	5.843765271952037	-1.1713741533502287
19.0	58.0	59.0	11000.0	0.3854314278643889	0.04155596956468077	7.065121345993703	6.914451027188534	6.679689918129314	6.872895057623853	8.887642308757336	9.96218956566338
20.0	60.0	61.0	12000.0	0.6011416551932482	1.0262757438043701	0.576857784378717	1.1566696399625016	-0.024283870814531205	0.13039389615813146	-0.0005289153993999207	0.7331965902631055
20.0	60.0	62.0	12000.0	0.9739315493295377	1.0598990333097502	1.2005168764201244	2.0802841631148112	0.22658532709058665	1.020385129805061	0.36384035278953775	0.6775100892910899
20.0	61.0	62.0	12000.0	0.38806298764199987	0.0825801158485584	0.6236590920414073	0.9236145231523096	0.23559610439940748	0.8410344073037512	0.36436926818893767	-0.05568650097201555
21.0	63.0	64.0	21000.0	-2.09242495013115	0.9652124826556063	-5.939142816695949	-0.03619967483473374	-3.8467178665647985	-1.00141215749034	-0.19158778390888642	0.07949330847293368
21.0	63.0	65.0	21000.0	-2.3490691869012057	0.6689481270998776	-7.165447016465578	-0.5084745899264362	-4.816377829564372	-1.1774227170263138	-1.0326641977734994	-1.457792109624279
21.0	64.0	65.0	21000.0	-0.24422207469360746	-0.23980002718738547	-1.2263041997696291	-0.4722749150917025	-0.9820821250760217	-0.23247488790431703	-0.841076413864613	-1.5372854180972126
22.0	66.0	67.0	22000.0	-0.09801476824954047	0.11404510192639705	-0.522356523870485	-0.6960635101354455	-0.42434175562094456	-0.8101086120618426	0.7083394178547309	0.37810223707886337
22.0	66.0	68.0	22000.0	-0.4059200342944118	0.7199620818385926	-2.1374686851993374	-1.3970511947143223	-1.7315486509049256	-2.117013276552915	-0.1691453362423232	-0.09140447880893987
22.0	67.0	68.0	22000.0	-0.28581538850791155	0.6671313489613286	-1.6151121613288524	-0.7009876845788767	-1.3292967728209408	-1.3681190335402054	-0.8774847540970541	-0.46950671588780324
23.0	69.0	70.0	11000.0	0.01990559755455923	0.14974090518042615	0.1069855441207892	-0.0028111351957704755	0.08707994656622997	-0.15255204037619663	-0.28507564860669277	-0.17763679986936154
23.0	69.0	71.0	11000.0	-0.4323908877533098	-0.07701148402795965	0.875995031992943	-0.2811714766028217	1.3083859197462528	-0.20415999257486206	-0.7021655891631866	0.09796215822235865
23.0	70.0	71.0	11000.0	-0.3558815117784917	-0.18293090904228038	0.7690094878721538	-0.27836034140705124	1.1248909996506455	-0.09542943236477086	-0.41708994055649384	0.2755989580917202
24.0	72.0	73.0	11000.0	0.9107882759897361	0.17553442576794964	1.5477143188045375	0.8093028528744526	0.6369260428148014	0.6337684271065029	-0.5106612373417647	-0.7282926557687404
24.0	72.0	74.0	11000.0	0.7547661915281383	0.02906582861308582	2.336986400015576	0.7910941487145919	1.5822202084874375	0.7620283201015061	-1.6026004223816415	-1.6414416549383901
24.0	73.0	74.0	11000.0	-0.1689031606185205	-0.09943774729038157	0.7892720812110383	-0.018208704159860645	0.9581752418295588	0.08122904313052093	-1.0919391850398767	-0.9131489991696498
25.0	75.0	76.0	12000.0	0.962633667028503	-0.586150467374658	2.4798727305524153	0.40608426936023534	1.5172390635239124	0.9922347367348934	0.5167553853901268	0.9544863639848842
25.0	75.0	77.0	12000.0	1.7519421012878524	-0.4552178526038899	4.603234056825158	2.521989710203343	2.851291955537306	2.9772075628072328	0.6623403707793614	1.2373224685607624
25.0	76.0	77.0	12000.0	0.7763656595223427	0.0704471399258324	2.123361326272743	2.1159054408431075	1.3469956667504004	2.045458300917275	0.1455849853892346	0.28283610457587827
27.0	81.0	82.0	22000.0	-0.9511512930628125	0.07640509106764615	-1.758925736156698	0.5488707052452355	-0.8077744430938854	0.47246561417758937	-1.0367250177751544	-2.4735702225885348
27.0	81.0	83.0	22000.0	-2.0790185280608053	0.7188127365134589	-4.6190886092522305	-2.486862846676786	-2.540070081191425	-3.205675583190245	-0.22047449695268995	-0.7979360789372265
27.0	82.0	83.0	22000.0	-1.073475962023526	0.6192074394186982	-2.8601628730955326	-3.0357335519220214	-1.7866869110720067	-3.6549409913407196	0.8162505208224644	1.6756341436513082
28.0	84.0	85.0	12000.0	0.31704195432579496	0.26511353881856525	0.4771656627390257	-0.24139516147374707	0.16012370841323076	-0.5065087002923123	0.11184563600312458	-0.6416638644399768
28.0	84.0	86.0	12000.0	0.4569170759303782	0.4653136949463441	1.1845161646576798	1.5849444263121768	0.7275990887273016	1.1196307313658327	0.6599827888911136	0.9101434861505453
28.0	85.0	86.0	12000.0	0.08375221120836152	0.1899756509596111	0.7073505019186541	1.8263395877859239	0.6235982907102926	1.6363639368263128	0.548137152887989	1.551807350590522
29.0	87.0	88.0	11000.0	0.7980131086927091	-0.5417660043527643	1.3270301993402427	-0.1661740571169048	0.5290170906475335	0.37559194723585954	-1.214166551974941	-1.234775839499335
29.0	87.0	89.0	11000.0	0.9587082710813792	-0.38064200143238125	2.503668929924288	0.5436207009583995	1.5449606588429088	0.9242627023907808	-1.94325530838573	-2.5382778203401557
29.0	88.0	89.0	11000.0	0.12660092747121432	0.1479340857255158	1.1766387305840453	0.7097947580753043	1.050037803112831	0.5618606723497885	-0.7290887564107891	-1.3035019808408208
30.0	90.0	91.0	22000.0	-0.37222966771038735	0.4997093911593824	-1.2241512609793972	2.7662271570045505	-0.8519215932690098	2.266517765845168	0.45319766388058724	3.574857446357939
30.0	90.0	92.0	22000.0	0.36287739632957816	-0.16829914058666073	1.5349398936587022	-1.2216739639293337	1.172062497329124	-1.053374823342673	-0.28386820236792687	0.41274730773031365
30.0	91.0	92.0	22000.0	0.7956387467181614	-0.779503494549429	2.7590911546380994	-3.987901120933884	1.963452407919938	-3.208397626384455	-0.7370658662485141	-3.162110138627625
31.0	93.0	94.0	21000.0	0.02597819916280386	0.5930741717622752	-5.123516921455121	3.0063809150155976	-5.1494951206179245	2.4133067432533224	-0.32899623111651977	-1.9944510850693007
31.0	93.0	95.0	21000.0	0.2959514886505614	0.658455663174859	-5.973850943311845	2.978797366659819	-6.269802431962407	2.32034170348496	-1.0008768065708011	-2.120181491487898
31.0	94.0	95.0	21000.0	0.18366676913821056	0.07453450358064728	-0.8503340218567246	-0.027583548355778476	-1.0340007909949351	-0.10211805193642576	-0.6718805754542814	-0.12573040641859734
32.0	96.0	97.0	12000.0	-0.9006733043540462	0.515811341929302	-1.6630602759560134	-0.6055847341626759	-0.7623869716019671	-1.121396076091978	0.8581940315625758	1.1572287657003528
32.0	96.0	98.0	12000.0	0.19095377855032858	0.2689062794769841	-0.9376290302893722	3.352835497615388	-1.1285828088397007	3.0839292181384037	2.608681868343268	5.9481589030653765
32.0	97.0	98.0	12000.0	1.0174897570595416	-0.13951026954566803	0.7254312456666412	3.9584202317780637	-0.2920585113929004	4.097930501323732	1.7504878367806924	4.790930137365024
33.0	99.0	100.0	21000.0	0.8971705863946227	0.5436302796318087	5.7125937634639286	-0.32215270121741924	4.815423177069306	-0.8657829808492279	4.51907712864282	2.59641764061125
33.0	99.0	101.0	21000.0	0.5645677775678823	0.6668277298331677	0.8892913822833179	2.0893555270372417	0.3247236047154356	1.422527797204074	-0.9987003472999589	-0.9043533908746895
33.0	100.0	101.0	21000.0	-0.3029929992142444	0.21455758322255303	-4.823302381180611	2.411508228254661	-4.520309381966366	2.196950645032108	-5.517777475942779	-3.5007710314859395
34.0	102.0	103.0	22000.0	-0.16342306657608674	-0.36807224224817503	0.15316869964681246	-0.787828432285778	0.3165917662228992	-0.419756190037603	0.15510611586523737	1.2209812255068755
34.0	102.0	104.0	22000.0	-0.13684946052192526	-0.730940971540881	-0.23496375634294964	-2.7894316884112413	-0.09811429582102438	-2.0584907168703603	0.6568727588041412	2.009962851823005
34.0	103.0	104.0	22000.0	-0.03065107021456992	-0.2820142597597357	-0.3881324559897621	-2.0016032561254633	-0.3574813857751922	-1.7195889963657276	0.5017666429389038	0.7889816263161293
35.0	105.0	106.0	11000.0	-0.09606530184551332	-0.24342086696484433	6.632757573218896	-4.670964932782908	6.7288228750644095	-4.427544065818064	0.07538162414138583	-0.04939610330974631
35.0	105.0	107.0	11000.0	0.6235630195570243	-0.31908699122491857	8.604135347191459	-6.020745462604282	7.980572327634435	-5.701658471379363	-0.7475354312571199	-2.7504236257489936
35.0	106.0	107.0	11000.0	0.6140301180171424	-0.130017317987126	1.9713777739725629	-1.3497805298213734	1.3573476559554205	-1.2197632118342474	-0.8229170553985057	-2.7010275224392473
36.0	108.0	109.0	21000.0	0.09160532599812488	0.17530053678399682	1.6163946198716985	-0.6688384486033101	1.5247892938735736	-0.8441389853873069	0.581949493416289	0.7918632493905164
36.0	108.0	110.0	21000.0	-1.6549680143186896	-0.24247020179263767	-1.5704411282617912	-1.93878514945618	0.0845268860568984	-1.6963149476635424	0.9564504400957503	1.8307293438190158
36.0	109.0	110.0	21000.0	-1.8145564103879215	-0.46917385440142656	-3.1868357481334897	-1.26994670085287	-1.3722793377455682	-0.8007728464514434	0.3745009466794613	1.0388660944284993
37.0	111.0	112.0	12000.0	0.3159622125442878	0.5485465443618649	1.1596779349224562	0.8536690050116249	0.8437157223781684	0.30512246064976	-0.9513388829424656	-1.044994173772281
37.0	111.0	113.0	12000.0	0.9324549080546962	0.7809018139751469	1.9979450905634621	2.579271213633092	1.065490182508766	1.798369399657945	-1.8237507012490113	-1.688432964996494
37.0	112.0	113.0	12000.0	0.4916577757971794	0.13955652271092767	0.838267155641006	1.725602208621467	0.34660937984382656	1.5860456859105394	-0.8724118183065457	-0.643438791224213
38.0	114.0	115.0	11000.0	-0.3036943589783938	-0.29569895083601594	-0.5467430662529296	-0.29062475974592417	-0.24304870727453576	0.005074191090091773	0.29819277099599617	0.41084874382050884
38.0	114.0	116.0	11000.0	-0.1093829436763567	-0.1546637523453338	0.5390668132181418	0.6000091948642421	0.6484497568944985	0.7546729472095759	0.67107116357829	0.9284846964302886
38.0	115.0	116.0	11000.0	0.0779372058979586	0.10038939829783278	1.0858098794710713	0.8906339546101663	1.0078726735731127	0.7902445563123335	0.3728783925822938	0.5176359526097798
39.0	117.0	118.0	22000.0	-0.6614135715545242	-0.5352563029106143	-1.8548653023754014	-2.6380634980221203	-1.1934517308208772	-2.102807195111506	-1.5970755792357352	-2.521650145801516
39.0	117.0	119.0	22000.0	-1.1519715224155664	-0.6807824334159838	-2.9994501950195627	-4.427267714633217	-1.8474786726039962	-3.7464852812172333	-2.6074380714585743	-2.9994226579760124
39.0	118.0	119.0	22000.0	-0.46040475697506356	-0.12577199473095568	-1.1445848926441613	-1.7892042166110969	-0.6841801356690977	-1.6634322218801412	-1.0103624922228391	-0.47777251217449646
40.0	121.0	122.0	11000.0	0.44528990617889974	-0.15822980219306793	1.262001006360606	-2.5524955346604656	0.8167111001817062	-2.3942657324673977	0.23131945755005745	-0.4075634441021805
41.0	123.0	124.0	12000.0	-0.2091793470044827	0.11374791905557569	-1.3116835789644483	-0.7147414515143282	-1.1025042319599656	-0.8284893705699039	-0.12420737702177576	-1.170114500929003
41.0	123.0	125.0	12000.0	0.0256824252984984	-0.1600600082068402	-1.32032431592188	0.9303538924868917	-1.3460067412203784	1.090413900693732	-0.5088102432669643	-0.436621632126986
41.0	124.0	125.0	12000.0	0.1895921199605457	-0.2589261651651933	-0.008640736957431727	1.64509534400122	-0.19823285691797743	1.9040215091664132	-0.3846028662451886	0.733492868802017
42.0	126.0	127.0	21000.0	-0.16870390259361123	0.30309709034969146	0.0640700840408499	0.0051951181530967006	0.23277398663446114	-0.29790197219659476	0.20153398863826055	0.24224407152873084
42.0	126.0	128.0	21000.0	-0.10597561298765967	0.02851557899750734	-1.1165609540651076	-0.35431004218162343	-1.010585341077448	-0.38282562117913077	-0.30336761231102116	-0.39819862546414697
42.0	127.0	128.0	21000.0	0.09340110440362803	-0.26846992341748255	-1.1806310381059575	-0.35950516033472013	-1.2740321425095855	-0.09103523691723758	-0.5049016009492817	-0.6404426969928778
43.0	129.0	130.0	22000.0	0.2120419475282631	-0.6491400146067807	0.39153075602121135	-0.19909588323366734	0.17948880849294824	0.4500441313731134	-0.34019564383312684	0.11448021323835178
43.0	129.0	131.0	22000.0	0.41148406585538133	-0.785846452519932	0.2750565069077311	-1.4653659959958532	-0.13642755894765024	-0.6795195434759211	-0.34203078452897273	-0.5017604611810782
43.0	130.0	131.0	22000.0	0.23642739947685865	-0.04127159620356746	-0.11647424911348025	-1.2662701127621858	-0.3529016485903389	-1.2249985165586184	-0.0018351406958458938	-0.61624067441943
44.0	132.0	133.0	12000.0	1.1123610596652993	0.23573119339608617	4.396478160884499	-1.7468457959432726	3.2841171012191994	-1.9825769893393588	-0.444717703753426	-2.1676567287172617
44.0	132.0	134.0	12000.0	1.5495197032333081	1.007695778215811	5.4436830379836465	1.257952347625178	3.8941633347503384	0.250256569409367	0.9682550433134907	-0.3963546794492032
44.0	133.0	134.0	12000.0	0.3022346190856755	0.7485383935357506	1.0472048770991478	3.0047981435684505	0.7449702580134723	2.2562597500327	1.4129727470669167	1.7713020492680585
45.0	135.0	136.0	11000.0	1.2518377389423145	-0.33096368479472993	2.1474692686383605	0.24564677680518798	0.895631529696046	0.5766104615999179	0.5261703951123593	0.22408528906376546
45.0	135.0	137.0	11000.0	0.8046611369958079	-0.9130513301680958	2.320723548935348	-0.35892109367523517	1.51606241193954	0.5541302364928606	1.2449216933766394	1.6266611517165614
45.0	136.0	137.0	11000.0	-0.4793522799117751	-0.5996106735218829	0.17325428029698742	-0.6045678704804232	0.6526065602087625	-0.004957196958540244	0.7187512982642801	1.402575862652796
46.0	138.0	139.0	21000.0	-2.00869091852553	0.3076530006636107	-3.355923453297237	-2.0638445462118398	-1.347232534771707	-2.3714975468754504	-0.7025191605382162	-1.700209493969794
46.0	138.0	140.0	21000.0	-1.9500270678015816	0.04171463570484768	-5.389276506945407	-0.10875023316202714	-3.4392494391438255	-0.15046486886687482	0.04832565995975813	1.452409053328381
46.0	139.0	140.0	21000.0	-0.02831266795552878	-0.19951434752805497	-2.0333530536481703	1.9550943130498126	-2.0050403856926415	2.1546086605778676	0.7508448204979743	3.152618547298175
47.0	141.0	142.0	22000.0	1.0710400259103894	5.331661254955217	-0.5657564356122293	6.192730830992332	-1.6367964615226187	0.8610695760371145	1.2805008763501746	2.19328004693665
47.0	141.0	143.0	22000.0	5.368327679072681	10.535347013246124	8.612947455827907	18.911200467525077	3.2446197767552265	8.375853454278953	2.510511604036793	3.3012040544412002
47.0	142.0	143.0	22000.0	4.130840479252579	5.148717031290556	9.178703891440136	12.718469636532745	5.047863412187557	7.569752605242189	1.2300107276866186	1.1079240075045504
48.0	144.0	145.0	22000.0	-0.286443516568081	1.5857280492445645	-2.412788436918845	3.2533985863672115	-2.126344920350764	1.667670537122647	-0.15593352588666676	-0.7727838445149047
48.0	144.0	146.0	22000.0	2.750483855719531	2.2574150582107464	3.3381263872820455	2.2014809104291544	0.5876425315625147	-0.055934147781592	-0.040413782377441976	-2.2256150156048875
48.0	145.0	146.0	22000.0	3.002342045665239	0.7629221247055016	5.7509148242008905	-1.051917675938057	2.7485727785356513	-1.8148398006435587	0.11551974350922478	-1.4528311710899828
49.0	147.0	148.0	11000.0	-0.1965550314602842	0.0778072367283631	-0.3908085663529164	-0.37556280410672116	-0.1942535348926322	-0.45337004083508425	-1.3978521818477248	-1.2194083964430007
49.0	147.0	149.0	11000.0	-0.4929475032435624	0.1767766784342708	-0.05250873646514265	-0.7972831597644472	0.44043876677841975	-0.974059838198718	-1.7763133805260054	-1.7043287088609986
49.0	148.0	149.0	11000.0	-0.2675876388857077	0.0748277104029702	0.33829982988777374	-0.42172035565772603	0.6058874687734814	-0.49654806606069624	-0.37846119867828065	-0.48492031241799793
50.0	150.0	151.0	12000.0	0.2409363220462879	-0.029708955295738804	-2.1630154660838343	0.2349254456237304	-2.4039517881301222	0.2646344009194692	0.16257912653102835	1.3843786178037902
50.0	150.0	152.0	12000.0	0.2857886662574751	-0.22922061344293532	-6.186751853109172	-0.3442453833285981	-6.472540519366647	-0.11502476988566279	0.6716585940064022	0.8827761130533531
50.0	151.0	152.0	12000.0	-0.004244072447896485	-0.17782314831570556	-4.0237363870253375	-0.5791708289523285	-4.019492314577441	-0.40134768063662296	0.5090794674753738	-0.5016025047504371
51.0	153.0	154.0	21000.0	4.662726718653025	0.5204187954024366	13.07863264212233	4.3291920699966795	8.415905923469303	3.808773274594243	-0.6087247568304406	-0.5323456103694326
51.0	154.0	155.0	21000.0	0.28694096470850017	-0.658828507438507	2.1398753530572776	-0.7044115506814705	1.8529343883487774	-0.04558304324296358	-0.14090334262940019	-0.08545388876039794
52.0	156.0	157.0	22000.0	-0.7798384078326945	0.39416577715678436	-0.3799327866775002	-0.7258503786765687	0.39990562115519435	-1.120016155833353	-0.017025655185989308	0.8060672930403285
52.0	156.0	158.0	22000.0	-0.23049837290109298	-0.6709167869830317	3.416683323005145	-3.218623248480071	3.647181695906238	-2.5477064614970395	-0.7922974768791136	-0.5679929740639551
52.0	157.0	158.0	22000.0	0.5148038363864256	-1.1912874289568238	3.7966161096826454	-2.4927728698035025	3.28181227329622	-1.3014854408466787	-0.7752718216931243	-1.3740602671042836
53.0	159.0	160.0	12000.0	-0.0630685658563106	0.24771318917955298	-0.5907436820339171	-2.0438864665634355	-0.5276751161776065	-2.2915996557429885	0.08298237490325278	-2.925733956209271
53.0	159.0	161.0	12000.0	0.4155157255223001	-0.7837552291271734	-0.6579009898910044	0.19189997483340449	-1.0734167154133045	0.9756552039605779	1.2247682648247888	0.47613172115892155
53.0	160.0	161.0	12000.0	0.4419430289404698	-1.1383065797365424	-0.06715730785708729	2.23578644139684	-0.5091003367975571	3.3740930211333824	1.141785889921536	3.4018656773681926
54.0	162.0	163.0	11000.0	0.41851211782201414	0.7983369914992409	2.246570320027786	-4.876316754496202	1.8280582022057716	-5.6746537459954425	0.26854690675567383	-3.595719210238599
54.0	162.0	164.0	11000.0	1.8037076223956507	0.15682064091578596	5.281985576237275	-2.3474575677782923	3.4782779538416246	-2.5042782086940782	0.9575569425067272	-0.533913963100062
54.0	163.0	164.0	11000.0	1.2438157355808066	-0.5987420758695299	3.0354152562094896	2.5288591867179093	1.791599520628683	3.127601262587439	0.6890100357510534	3.061805247138537
55.0	165.0	166.0	21000.0	-0.7535572198752449	0.7142441568100981	-0.32142534634181175	-6.883262503976766	0.4321318735334332	-7.597506660786864	-1.3369839076835035	-6.582557792252018
55.0	165.0	167.0	21000.0	0.062334757738590874	-0.20425040161909536	-0.7926905799210999	-6.319644431776851	-0.8550253376596908	-6.115394030157756	-0.3831314409765696	-2.9986021212065737
55.0	166.0	167.0	21000.0	0.8065338834964972	-0.990252253533157	-0.4712652335792882	0.5636180721999153	-1.2777991170757854	1.5538703257330724	0.9538524667069339	3.5839556710454445
56.0	168.0	169.0	12000.0	-2.832668755741892	-0.2211620996783532	-6.111061779678039	-1.100921271824518	-3.2783930239361467	-0.8797591721461648	-0.12172236063236141	-0.9753497841991674
56.0	168.0	170.0	12000.0	-1.964204258882571	0.5899445819104114	-5.025455364087975	1.3894689473713697	-3.061251105205404	0.7995243654609583	0.515751479812792	0.11641379323774004
56.0	169.0	170.0	12000.0	0.8278539055299659	0.8038145131909946	1.085606415590064	2.4903902191958878	0.25775251006009814	1.6865757060048931	0.6374738404451534	1.0917635774369074
57.0	171.0	172.0	22000.0	-0.5623445823560065	0.8030170665521972	-1.1081014735402732	0.5551933155504685	-0.5457568911842667	-0.2478237510017287	0.029946501440250017	0.5304918442405295
57.0	171.0	173.0	22000.0	-1.6134932809988687	2.890224140883544	-2.6998299613419476	0.07189514216520365	-1.086336680343079	-2.81832899871834	-0.26783579675603164	-0.4276920899277741
57.0	172.0	173.0	22000.0	-0.9691082421679571	2.1290114594948584	-1.5917284878016744	-0.4832981733852648	-0.6226202456337173	-2.612309632880123	-0.29778229819628166	-0.9581839341683036
58.0	174.0	175.0	21000.0	-0.09965837266173772	0.06036708080016506	0.33649548394737394	0.009022368707064743	0.43615385660911166	-0.05134471209310032	-0.5848789193868384	-0.1877511172084496
58.0	174.0	176.0	21000.0	-0.704297995612075	-0.3155028614913249	-1.2084716590629796	-1.0966031755140193	-0.5041736634509046	-0.7811003140226944	-1.3480457488832656	-1.1045842473992025
58.0	175.0	176.0	21000.0	-0.6456784569077687	-0.4158459987142704	-1.5449671430103535	-1.105625544221084	-0.8992886861025848	-0.6897795455068136	-0.7631668294964271	-0.9168331301907529
59.0	177.0	178.0	11000.0	0.5573063271958683	-0.38374295677371073	1.8116408278781364	-0.4371246974303631	1.2543345006822681	-0.053381740656652354	-0.23033966036449272	-0.12030051179640111
59.0	177.0	179.0	11000.0	1.477582076805275	0.19482678613027726	5.986570639537149	-2.411636593987623	4.508988562731874	-2.6064633801179005	-1.9195321130520853	-4.6903596473146365
59.0	178.0	179.0	11000.0	0.9112482815506748	0.6474047669027705	4.174929811659013	-1.9745118965572601	3.2636815301083377	-2.6219166634600306	-1.6891924526875925	-4.570059135518235
60.0	180.0	181.0	11000.0	0.03177478081114948	-0.12924715917524576	0.7556418686483539	1.065899073219498	0.7238670878372044	1.1951462323947437	-0.07014562360591015	3.2583802689082404
60.0	180.0	182.0	11000.0	0.919246368285842	-0.38896348172772566	5.480943968797419	-5.003772649244411	4.561697600511577	-4.614809167516685	-0.6279277025328582	-2.995478282243269
60.0	181.0	182.0	11000.0	0.7749450323228562	-0.1978219588654433	4.725302100149065	-6.069671722463909	3.950357067826209	-5.871849763598465	-0.5577820789269481	-6.2538585511515095
61.0	183.0	184.0	22000.0	-0.37125333417890705	-0.1661602097977637	-7.690602540479858	-6.544694981697148	-7.319349206300951	-6.378534771899385	0.3669791702908185	0.8004384174350605
61.0	184.0	185.0	22000.0	-0.2678926546147995	0.44146725616972393	-1.819722606506275	-1.2063993089875567	-1.5518299518914755	-1.6478665651572806	0.9502579313327857	0.9771919169091774
62.0	186.0	187.0	12000.0	-0.19831868364540473	0.19762022932711343	0.2668651503363435	0.5446628818776844	0.46518383398174823	0.347042652550571	-0.7138698209458596	-1.1751549483441721
62.0	186.0	188.0	12000.0	-0.2660691541520048	0.368795270745073	0.6275981169458191	0.7182927729224957	0.893667271097824	0.3494975021774227	-0.3433498085648523	-0.3186603350700068
62.0	187.0	188.0	12000.0	-0.06602122475505734	0.15279246208348596	0.3607329666094756	0.1736298910448113	0.42675419136453296	0.020837428961325344	0.3705200123810073	0.8564946132741653
63.0	189.0	190.0	21000.0	-0.10623937828618146	0.48131991678612795	-0.2797039126887739	0.14248615615451854	-0.17346453440259246	-0.3388337606316094	0.5802189686181976	0.5081238812040567
63.0	189.0	191.0	21000.0	0.4797539621389211	0.280546763438668	-0.5480122021758689	0.6098748833617265	-1.02776616431479	0.32932811992305844	0.7500319728725628	1.6542133933901937
63.0	190.0	191.0	21000.0	0.6672099022076399	-0.24405817296315924	-0.26830828948709495	0.4673887272072079	-0.9355181916947348	0.7114469001703672	0.1698130042543653	1.146089512186137
64.0	192.0	193.0	11000.0	-6.846393746345689	-2.7714147105264857	-13.52773663029916	-5.865275611779907	-6.68134288395347	-3.0938609012534215	-0.3314491188067734	-0.0016607551455081193
64.0	192.0	194.0	11000.0	-6.968956079807638	-4.82594995140227	-13.549990960424793	-7.930122678679709	-6.581034880617155	-3.1041727272774384	-0.34172145663239917	0.07218427607188005
64.0	193.0	194.0	11000.0	-0.17179786348651938	-1.9918437829160602	-0.022254330125633714	-2.0648470668998016	0.14954353336088566	-0.07300328398374134	-0.010272337825625755	0.07384503121738817
65.0	195.0	196.0	21000.0	-0.22305268667416378	-2.6026932708258403	-0.8071219812470645	-2.7451446791865237	-0.5840692945729007	-0.14245140836068337	0.4887192919434682	1.5964203851973622
65.0	195.0	197.0	21000.0	1.3054200916300047	-2.7657458194714746	-1.4042468393761283	-1.8356135858500693	-2.709666931006133	0.9301322336214053	1.3909856770612663	2.3457486952185604
65.0	196.0	197.0	21000.0	1.3511269527468013	-0.21012676070232228	-0.5971248581290638	0.9095310933364544	-1.948251810875865	1.1196578540387767	0.9022663851177981	0.7493283100211983
66.0	198.0	199.0	12000.0	-0.11479332379433327	-0.02584759345115195	-0.6446162199390528	0.49076125834722006	-0.5298228961447196	0.516608851798372	-0.27609879863648246	0.3391605066744603
66.0	198.0	200.0	12000.0	-0.8246068014942898	0.23915296480409065	-1.5962201954371267	1.0893604401796892	-0.7716133939428369	0.8502074753755986	-0.3742698081846214	-0.7886052159673795
66.0	199.0	200.0	12000.0	-0.6130515216916095	0.32059908224700884	-0.9516039754980739	0.5985991818324692	-0.33855245380646437	0.27800009958546035	-0.09817100954813895	-1.1277657226418398
67.0	201.0	202.0	22000.0	-0.40303924309318884	0.14991711432562926	-1.4222314288977032	-0.3244199419063989	-1.0191921858045143	-0.47433705623202815	0.5060823043451705	-0.15243507061558148
67.0	201.0	203.0	22000.0	-0.9709860914990189	-0.24523526143070828	-3.105942853594115	-1.8391620813122245	-2.134956762095096	-1.5939268198815162	1.01384099228531	1.7388929303006506
67.0	202.0	203.0	22000.0	-0.5121349015835559	-0.3220076220430794	-1.683711424696412	-1.5147421394058256	-1.171576523112856	-1.1927345173627462	0.5077586879401395	1.891328000916232
68.0	204.0	205.0	11000.0	0.07529212149009634	-0.12291166609710391	-0.47765017659253317	0.3749129569368961	-0.5529422980826295	0.497824623034	-0.06930846937771662	0.5224044738463789
68.0	204.0	206.0	11000.0	0.49626457563662374	-0.3895917776188904	1.1544938194472252	0.4714706047589061	0.6582292438106014	0.8610623823777965	0.21998626017281708	1.569321086262164
68.0	205.0	206.0	11000.0	0.4895342551919235	-0.2923399709160206	1.6321439960397583	0.09655764782201004	1.1426097408478348	0.38889761873803064	0.2892947295505337	1.0469166124157852
69.0	207.0	208.0	22000.0	-1.5163105081622357	0.569003544797706	-3.4341356616846497	2.396039279613433	-1.917825153522414	1.827035734815727	1.4442341771149927	5.574316482954373
69.0	207.0	209.0	22000.0	-1.3121954420341542	1.9599712300632852	-2.9529730124497746	2.654753980051737	-1.6407775704156204	0.6947827499884518	1.8440546557870618	7.277658532437911
69.0	208.0	209.0	22000.0	0.3126312380730578	1.4195430509527043	0.48116264923487506	0.25871470043830413	0.16853141116181725	-1.1608283505144001	0.39982047867206916	1.7033420494835383
70.0	210.0	211.0	12000.0	0.11531119642637044	0.151696113886163	0.7438896914759425	-0.3313659605871635	0.6285784950495721	-0.4830620744733265	0.8642787022486829	0.5275552764711904
70.0	210.0	212.0	12000.0	-0.041938233810083325	2.1613974207760016	1.1948217184117311	1.561075758824245	1.2367599522218145	-0.6003216619517566	0.5324994973181276	0.8429866220307645
70.0	211.0	212.0	12000.0	-0.1685369253321145	1.962048355401306	0.4509320269357886	1.8924417194114085	0.6194689522679031	-0.06960663598989747	-0.33177920493055524	0.3154313455595741
71.0	213.0	214.0	21000.0	-0.08856250169887936	-0.2769286422150561	-8.936748223862196	-0.07280420282449995	-8.848185722163317	0.20412443939055613	2.3246629126666107	6.933875807981522
71.0	214.0	215.0	21000.0	-0.150558658954842	-0.3688004728412668	-1.416005093503145	-0.968460823627538	-1.265446434548303	-0.5996603507862712	0.9272852184854656	1.1457341290562084
72.0	216.0	217.0	21000.0	0.5938385324822599	-0.10083773382922079	1.8208984066977791	-0.5709220433163864	1.2270598742155192	-0.4700843094871656	-0.4397182920201743	-0.3517148802557415
72.0	216.0	218.0	21000.0	-1.1642976806023224	-0.8828799164726391	-3.3988007927332546	-1.8334501646036188	-2.2345031121309322	-0.9505702481309797	-0.8235490969036334	0.08355918428416942
72.0	217.0	218.0	21000.0	-1.8951081874382094	-0.8056923320531855	-5.219699199431034	-1.2625281212872324	-3.3245910119928244	-0.4568357892340469	-0.3838308048834591	0.4352740645399109
73.0	219.0	220.0	12000.0	-0.8500676115270132	-0.27056608519092773	-2.8723923346760785	2.3545825610319753	-2.0223247231490653	2.625148646222903	1.8587895476574658	5.562519115330204
73.0	219.0	221.0	12000.0	-2.1365679940857127	-0.3195470023680791	-5.939477953002097	2.367538839414692	-3.802909958916384	2.687085841782771	2.2448933857685347	6.025725687563252
73.0	220.0	221.0	12000.0	-1.283076898533948	-0.06865585074599867	-3.0670856183260184	0.012956278382716846	-1.7840087197920704	0.08161212912871552	0.38610383811106885	0.46320657223304806
74.0	222.0	223.0	11000.0	0.8775029847199303	-0.18052784249022125	2.8507719639344486	0.07467615066298094	1.9732689792145184	0.2552039931532022	0.47685701042010464	-0.18612815912149472
74.0	222.0	224.0	11000.0	0.3789276753975024	-0.29779309070325244	3.800306253433746	-0.5313299202057351	3.4213785780362436	-0.23353682950248267	0.8040371630495429	-0.3559921243992079
74.0	223.0	224.0	11000.0	-0.4318542545925741	-0.16703165899331918	0.9495342894992973	-0.606006070868716	1.3813885440918714	-0.4389744118753969	0.3271801526294382	-0.1698639652777132
75.0	225.0	226.0	22000.0	0.18956557271611185	0.08106400953674342	0.2533248070822083	0.025580463554433663	0.06375923436609643	-0.05548354598230976	0.2488420296874807	0.00017377144038022152
75.0	225.0	227.0	22000.0	0.012290430603110636	0.7467412667106146	0.7790041535508863	-0.6685569486226086	0.7667137229477756	-1.4152982153332232	0.21599126436422011	-0.3250977942154094
75.0	226.0	227.0	22000.0	-0.20263903320764687	0.6037542392268236	0.525679346468678	-0.6941374121770423	0.7283183796763248	-1.2978916514038659	-0.03285076532326059	-0.32527156565578963
76.0	228.0	229.0	11000.0	0.14928664223322663	-0.15373800628200218	0.32770661608083174	-0.5225766714311249	0.1784199738476051	-0.36883866514912267	0.6634799849689585	0.5421682095477536
76.0	228.0	230.0	11000.0	0.8334928156679542	-0.6067538426630401	3.2934595770129818	-0.2408115817165708	2.4599667613450276	0.3659422609464693	0.3325945214259889	0.9758415713458106
76.0	229.0	230.0	11000.0	0.5029431293769928	-0.34707453733380333	2.96575296093215	0.28176508971455405	2.462809831555157	0.6288396270483574	-0.33088546354296966	0.43367336179805704
77.0	231.0	232.0	12000.0	-0.7127529011340457	-0.5757915714441637	-1.0288266722679964	-1.2270183624689253	-0.31607377113395074	-0.6512267910247616	-0.5495769113774855	-0.6006114221944188
77.0	231.0	233.0	12000.0	-0.22802573995882014	-0.5792816668023084	-0.5566617963791032	-0.3496156576177327	-0.32863605642028304	0.2296660091845757	-0.4180750191488727	-0.2776093579376493
77.0	232.0	233.0	12000.0	0.26032640749050806	0.024124062875756636	0.4721648758888932	0.8774027048511925	0.21183846839838516	0.8532786419754359	0.13150189222861286	0.32300206425676947
78.0	234.0	235.0	22000.0	-0.19400883717350847	0.615476628371356	-0.5946261404762936	0.9523824600016724	-0.4006173033027851	0.3369058316303164	-0.5362945256489553	-0.29609849513190056
78.0	234.0	236.0	22000.0	-0.42487965409492556	0.9016969036790261	-1.1259893389167246	0.11647512773129165	-0.701109684821799	-0.7852217759477345	-0.5484647463959931	-0.7995472080882564
78.0	235.0	236.0	22000.0	-0.30473002235128277	0.2109925231756895	-0.531363198440431	-0.8359073322703807	-0.22663317608914824	-1.0468998554460702	-0.012170220747037774	-0.5034487129563558
79.0	237.0	238.0	21000.0	0.012844718512948106	0.14292610678825834	-1.0985206548375572	-0.4954686266187309	-1.1113653733505053	-0.6383947334069893	-0.25772197673016706	-0.21477641333868291
79.0	237.0	239.0	21000.0	-0.17598417826223933	-0.40013853986891945	-2.0990294385755988	-1.245696594738547	-1.9230452603133594	-0.8455580548696275	-0.646347694654537	-0.7978061218566097
79.0	238.0	239.0	21000.0	-0.17008543745382454	-0.6535892492784408	-1.0005087837380415	-0.7502279681198161	-0.830423346284217	-0.09663871884137532	-0.38862571792436995	-0.5830297085179268
80.0	240.0	241.0	21000.0	-0.8458718431011727	-0.10388054008204506	-1.0053029423715998	-0.5063992309806054	-0.1594310992704271	-0.4025186908985603	-0.3536525152654235	-0.10349846357453885
80.0	240.0	242.0	21000.0	-0.8281228919041483	0.012578585318562041	-3.4773695505950855	2.084679315552421	-2.649246658690937	2.072100730233859	1.054623051061526	4.565971498200028
80.0	241.0	242.0	21000.0	0.013267961954674945	0.12738685141606698	-2.4720666082234857	2.5910785465330264	-2.4853345701781606	2.4636916951169594	1.4082755663269495	4.669469961774567
81.0	243.0	244.0	12000.0	0.16219075007108508	-0.012260129132790176	-0.5065910155408346	-0.1291897382402567	-0.6687817656119197	-0.11692960910746653	0.3666922874855345	0.2774481291975661
81.0	243.0	245.0	12000.0	0.6904236659470877	0.12491578793649882	-0.5561816330850888	2.0318754488564537	-1.2466052990321765	1.9069596609199548	-0.17274423647653236	-0.8046376790743892
81.0	244.0	245.0	12000.0	0.45066854329597916	0.2320066789092543	-0.0495906175442542	2.1610651870967104	-0.5002591608402334	1.929058508187456	-0.5394365239620669	-1.0820858082719553
82.0	246.0	247.0	11000.0	1.0325533370358668	-0.7663123411787547	1.246186985784334	0.2672693880640509	0.21363364874846713	1.0335817292428056	0.1070086389482583	0.25926029570972275
82.0	246.0	248.0	11000.0	1.9051921625280164	-1.4111415070957207	4.855594841271795	0.5767063236162357	2.950402678743779	1.9878478307119565	-0.6382665831031886	-1.0555435540414067
82.0	247.0	248.0	11000.0	0.8824170694452356	-0.6271276167205535	3.6094078554874613	0.3094369355521849	2.726990786042226	0.9365645522727384	-0.7452752220514469	-1.3148038497511294
83.0	249.0	250.0	22000.0	-0.7603934971757056	0.513178771566773	-1.2629751721765388	-0.32244127383091836	-0.5025816750008332	-0.8356200453976914	0.5508016656451815	0.6063462123386927
83.0	249.0	251.0	22000.0	-0.44556752676414035	0.1398033836836463	-0.9519552586784812	-1.8671114436344851	-0.5063877319143408	-2.0069148273181314	0.3963683129675104	0.8106873120701579
83.0	250.0	251.0	22000.0	0.20348325224141206	-0.30794557710375514	0.3110199134980576	-1.5446701698035668	0.10753666125664552	-1.2367245926998116	-0.1544333526776711	0.2043410997314652
84.0	252.0	253.0	11000.0	0.09393899630236202	-0.6192860794646577	-3.9981209320837934	-8.389750802019535	-4.092059928386155	-7.770464722554877	-0.004450859029674348	1.446587277340683
84.0	252.0	254.0	11000.0	0.977710875484715	-0.4483988903136895	-2.424340343973199	-7.3349438326335985	-3.402051219457914	-6.886544942319909	0.5429415049403303	1.5294171776107532
84.0	253.0	254.0	11000.0	0.8748434227131527	0.2672885968992418	1.5737805881105942	1.054806969385936	0.6989371653974414	0.7875183724866943	0.5473923639700047	0.08282990027007031
85.0	255.0	256.0	22000.0	0.385592412694022	-0.7543431245127987	-2.238884573812811	0.48777727444849006	-2.624476986506833	1.2421203989612888	-0.19453571128612168	-0.14543012466612026
85.0	255.0	257.0	22000.0	-3.2461867896646517	-0.8695518926715353	-11.71263858850034	-2.2692131832022824	-8.466451798835688	-1.399661290530747	0.9672418214003216	1.3008398899489464
85.0	256.0	257.0	22000.0	-3.7317440753325313	-0.043991438907507785	-9.473754014687529	-2.7569904576507724	-5.742009939354998	-2.7129990187432647	1.1617775326864432	1.4462700146150667
86.0	258.0	259.0	21000.0	0.49016470347145	0.7343507416607382	1.1489232142316723	0.9352125918710499	0.6587585107602223	0.20086185021031167	0.1675446481897751	-0.24605009553603452
86.0	258.0	260.0	21000.0	1.849036850059063	0.1112185074711034	2.2764204579571015	1.1632653817234768	0.4273836078980384	1.0520468742523734	0.454025055480372	0.2763264712831983
86.0	259.0	260.0	21000.0	1.3375645115850592	-0.6120613438411384	1.1274972437254291	0.22805278985242694	-0.21006726785963004	0.8401141336935654	0.2864804072905969	0.5223765668192328
87.0	261.0	262.0	12000.0	0.16490156995027494	-0.6171773513421979	-0.013924408993716497	-0.22106998265826405	-0.17882597894399144	0.3961073686839338	0.48323944615742676	0.5973981996122717
87.0	261.0	263.0	12000.0	-0.4674018149762684	-0.3890482758882854	-2.054402751190082	0.696353317645162	-1.5870009362138138	1.0854015935334473	-0.23899641665417448	-0.4960340853806855
87.0	262.0	263.0	12000.0	-0.5070037124898139	0.23753988219612587	-2.0404783421963657	0.917423300303426	-1.5334746297065518	0.6798834181073001	-0.7222358628116012	-1.0934322849929572
88.0	264.0	265.0	11000.0	0.7284057851454513	-1.8243101836172748	1.2760864160838992	-0.7608994239385538	0.5476806309384479	1.063410759678721	0.8175825066787041	1.0159180337341809
88.0	264.0	266.0	11000.0	-0.019535006603748073	-0.2851741664744951	1.3149616770513148	-0.16874300114977814	1.334496683655063	0.11643116532471698	1.9088833824003046	1.5264879754657983
88.0	265.0	266.0	11000.0	-0.7356030410595702	1.432260492120684	0.03887526096741567	0.5921564227887757	0.7744783020269859	-0.8401040693319084	1.0913008757216005	0.5105699417316174
89.0	267.0	268.0	22000.0	1.4191606739766929	0.35414516900784143	2.44272689287709	0.7165006613622609	1.0235662189003971	0.36235549235441944	0.0030125334341590815	-0.19344347597272815
89.0	267.0	269.0	22000.0	1.2991187135897029	0.5659790016864497	3.2665025840574344	-2.8192379868332864	1.9673838704677316	-3.385216988519736	-0.9293481695627719	-4.6131050950784385
89.0	268.0	269.0	22000.0	-0.05278165656210909	0.23818883464265106	0.8237756911803444	-3.5357386481955473	0.8765573477424535	-3.7739274828381983	-0.932360702996931	-4.41966161910571
90.0	270.0	271.0	21000.0	-0.5084613486601217	-0.19623224322137212	-2.082799538747622	-0.49888307618903127	-1.5743381900875004	-0.30265083296765916	0.5045197271167865	0.12749542948395742
90.0	270.0	272.0	21000.0	-0.9815772411031602	-0.9342468552847789	-5.469087731811669	-1.3481962732246302	-4.487510490708509	-0.4139494179398513	0.8784677056943053	0.9347765841966122
90.0	271.0	272.0	21000.0	-0.47426496715590716	-0.7481642108328668	-3.386288193064047	-0.8493131970355989	-2.91202322590814	-0.10114898620273216	0.3739479785775188	0.8072811547126548
91.0	273.0	274.0	12000.0	-0.0001636576091055275	0.1812425112783993	0.9911425062166472	-0.9238781970618675	0.9913061638257528	-1.1051207083402668	-1.6871726979735229	-2.716688872768785
91.0	273.0	275.0	12000.0	-0.4940321434216939	-0.05219520957927948	0.9710390799107245	-5.587394902887127	1.4650712233324183	-5.535199693307847	-3.327959127428173	-9.80018331509001
91.0	274.0	275.0	12000.0	-0.43819353069665556	-0.2058398747653083	-0.020103426305922767	-4.663516705825259	0.4180901043907328	-4.457676831059951	-1.64078642945465	-7.083494442321225
92.0	276.0	277.0	22000.0	0.11063575318329377	-0.09310706090023046	0.5744902823353186	-0.4414725008030018	0.46385452915202485	-0.34836543990277136	-1.1384509776253964	-1.5685759109976303
92.0	276.0	278.0	22000.0	0.4134559837709757	0.28038692468975945	1.388462031300378	-1.7763654514615155	0.9750060475294022	-2.056752376151275	-1.468217725991515	-1.614470862036292
92.0	277.0	278.0	22000.0	0.25162206005027254	0.3021075573333345	0.8139717489650593	-1.3348929506585137	0.5623496889147868	-1.6370005079918482	-0.32976674836611863	-0.0458949510386617
93.0	279.0	280.0	12000.0	2.0029183693088086	0.07179605119859556	4.58654943037709	0.734739325384453	2.5836310610682816	0.6629432741858574	-0.8612831206299347	-0.8823995792175197
93.0	279.0	281.0	12000.0	7.244033743279225	-0.531357703296865	13.112398910353477	5.191744631739766	5.868365167074252	5.723102335036631	-0.17191323109369705	1.7487465919256948
93.0	280.0	281.0	12000.0	5.113695617965368	-0.6273671285866218	8.525849479976387	4.457005306355313	3.412153862011019	5.084372434941935	0.6893698895362377	2.6311461711432145
94.0	282.0	283.0	11000.0	0.0853600749660739	0.002633337122886381	-1.7329220954766242	-0.13776077344709847	-1.8182821704426981	-0.14039411056998485	0.280163020695511	0.9493807275019037
94.0	282.0	284.0	11000.0	-0.05790656873271072	0.16845999997547256	-1.8457145021809538	0.20803398688212837	-1.787807933448243	0.03957398690665581	0.7354064115763492	1.0829982571621457
94.0	283.0	284.0	11000.0	-0.048570126686362514	0.12686702529107308	-0.11279240670432955	0.34579476032922685	-0.06422228001796704	0.21892773503815377	0.4552433908808382	0.13361752966024198
95.0	285.0	286.0	21000.0	-0.6687266199811512	-0.28514338128550154	-1.3759884495466395	-0.7580124361688831	-0.7072618295654882	-0.4728690548833816	0.8286447117350235	1.5076546592206483
95.0	285.0	287.0	21000.0	-0.9119830225523291	-0.254785931361031	-3.3406422549105628	0.02893411884770103	-2.4286592323582337	0.28372005020873203	1.2290363357083578	2.8844345861717215
95.0	286.0	287.0	21000.0	-0.17318461353201897	0.07503383264128072	-1.9646538053639233	0.7869465550165842	-1.7914691918319043	0.7119127223753035	0.4003916239733343	1.3767799269510732
96.0	288.0	289.0	22000.0	-0.00012952651723718844	0.3004730401686162	-0.06877595959599603	-0.7869582476469077	-0.06864643307875884	-1.087431287815524	-0.6206732577748397	-0.8100011997561865
96.0	288.0	290.0	22000.0	0.38721069714223777	0.1541604386545874	1.330545381595357	-1.8986508363916528	0.9433346844531192	-2.05281127504624	-0.9995686918492339	-1.0631965375386443
96.0	289.0	290.0	22000.0	0.3769310541984243	-0.08434879603692025	1.399321341191353	-1.111692588744745	1.0223902869929287	-1.0273437927078248	-0.3788954340743942	-0.25319533778245784
97.0	291.0	292.0	11000.0	0.7161878122926657	-2.055312206974259	0.9495370526913121	-0.6515728828835563	0.23334924039864635	1.4037393240907026	-0.08549287024743535	0.3752150404802421
97.0	291.0	293.0	11000.0	-0.16503190685311608	-2.787252540963423	1.482100273751712	-3.5784595486300077	1.647132180604828	-0.7912070076665847	0.3044565363840235	-1.3606283748402177
97.0	292.0	293.0	11000.0	-0.9274225021671176	-0.6855463599306706	0.5325632210603999	-2.9268866657464514	1.4599857232275175	-2.241340305815781	0.38994940663145883	-1.7358434153204598
98.0	294.0	295.0	21000.0	-0.8625329614974655	-0.5548849931916555	-0.5919010611385147	-1.0551906784553466	0.2706319003589508	-0.5003056852636911	-0.35664238917027546	-0.43834903034738204
98.0	294.0	296.0	21000.0	-1.5388047072816722	-0.23096661677346475	-3.437758298370227	-1.2726355608556332	-1.8989535910885547	-1.0416689440821685	-0.4699331715868027	-0.23565025521300242
98.0	295.0	296.0	21000.0	-0.6951321306168872	0.28224042830141194	-2.845857237231712	-0.2174448824002866	-2.150725106614825	-0.4996853107016985	-0.11329078241652724	0.20269877513437962
99.0	297.0	298.0	12000.0	-0.26595699297983	0.4353295455712791	0.14062739911923927	-0.04351901239760991	0.40658439209906927	-0.47884855796888903	-0.6033326558367804	-1.961248105933393
99.0	297.0	299.0	12000.0	-0.3176842233179631	0.26367595684667844	-0.21036543380409967	0.6355854583982818	0.10731878951386342	0.3719095015516034	-0.5287119977800785	-0.8602448718589386
99.0	298.0	299.0	12000.0	-0.11120272149600385	-0.028275284540889345	-0.35099283292333894	0.6791044707958918	-0.23979011142733508	0.7073797553367811	0.07462065805670193	1.1010032340744544
