0.0	0.0	1.0	12000.0	-9.71360631770473	-0.9918800506585903	-10.5107101065081	1.0588025858132823	-0.7971037888033692	2.0506826364718727	-0.30070910633634895	-0.3310038331920566
0.0	0.0	2.0	12000.0	-9.924330184239992	-1.3560078972670713	-10.854997679680537	0.7063213433025339	-0.9306674954405452	2.062329240569605	-0.12535599373612172	-0.19915551349156857
0.0	1.0	2.0	12000.0	-0.15578832187402458	-0.27193467324807585	-0.3442875731724371	-0.3524812425107484	-0.1884992512984125	-0.08054656926267256	0.17535311260022723	0.13184831970048805
1.0	3.0	4.0	11000.0	-1.136705561510424	0.1423034043641005	-1.5089532598328788	0.24723804868381194	-0.37224769832245475	0.10493464431971145	0.029661592149381022	0.3267991367869598
1.0	3.0	5.0	11000.0	-2.5445384710125527	0.45714753777447914	-2.4287096793409546	0.30933463445171583	0.1158287916715981	-0.1478129033227633	0.29790248321850754	0.502013638832338
1.0	4.0	5.0	11000.0	-1.3579886852206942	0.20538077224884344	-0.9197564195080759	0.06209658576790389	0.4382322657126183	-0.14328418648093955	0.2682408910691265	0.17521450204537814
2.0	6.0	7.0	22000.0	-1.8790443100334908	0.33893580271043433	-2.12278712228283	0.4285342806058452	-0.24374281224933902	0.08959847789541087	-0.2026667461279601	-0.876898547484501
2.0	6.0	8.0	22000.0	-2.238114358350484	1.7432871605457727	-2.6309538312427776	1.0945368695633988	-0.3928394728922937	-0.6487502909823739	-0.6534657374200208	-1.1607965305522754
2.0	7.0	8.0	22000.0	-0.3166555049835642	1.3165264604880145	-0.5081667089599478	0.6660025889575536	-0.19151120397638355	-0.6505238715304609	-0.4507989912920607	-0.28389798306777436
3.0	9.0	10.0	21000.0	0.26512082512384616	-0.24880178276205722	0.35263003015040795	-0.5766670918198997	0.08750920502656179	-0.3278653090578425	-0.09095136948337768	-0.027877452330315577
3.0	9.0	11.0	21000.0	1.1919269823372938	-0.019611810612540914	0.5144719845536656	-0.7361363895495288	-0.6774549977836282	-0.7165245789369878	-0.3373552323778881	-0.48127021466673625
3.0	10.0	11.0	21000.0	0.8910451197163676	0.23973889302986962	0.16184195440325766	-0.15946929772962903	-0.7292031653131099	-0.39920819075949865	-0.24640386289451044	-0.4533927623364207
4.0	12.0	13.0	21000.0	-1.008616447745882	-0.9490837400170733	-1.1577225058301792	-0.6199420362866022	-0.1491060580842971	0.32914170373047114	-0.5776351135225042	-0.17068151889452565
4.0	12.0	14.0	21000.0	-1.0646761939188263	-1.163102157248015	-2.3128978269899108	-1.2157387254869718	-1.2482216330710845	-0.052636568238956905	-0.7331968789340664	-0.3748830920742705
4.0	13.0	14.0	21000.0	-0.08345884879088317	-0.22949603361762705	-1.1551753211597315	-0.5957966892003697	-1.0717164723688484	-0.3663006555827426	-0.1555617654115622	-0.20420157317974486
5.0	15.0	16.0	12000.0	-0.09007773844253464	-0.11670182530322926	-0.5232121975434438	0.06253046775691473	-0.4331344591009092	0.179232293060144	0.5397162429304103	0.8280049435538359
5.0	15.0	17.0	12000.0	0.3657784270989213	-0.6904893625300659	-0.373825746060902	0.04306347526016907	-0.7396041731598233	0.733552837790235	1.2021394779129793	1.4398583794118025
5.0	16.0	17.0	12000.0	0.43739876058302585	-0.5067536245145146	0.14938645148254182	-0.01946699249674566	-0.28801230910048403	0.4872866320177689	0.6624232349825689	0.6118534358579666
6.0	18.0	19.0	22000.0	0.3909938673627691	1.2954078524374015	0.9415512034044013	0.8151409174179207	0.5505573360416323	-0.4802669350194808	0.050049671701131615	0.14940654886484594
6.0	18.0	20.0	22000.0	0.0537923577182946	1.1124175808731405	0.7929901107393107	0.15442357986830757	0.7391977530210161	-0.9579940010048329	-0.3263701187442507	-0.2299947317170421
6.0	19.0	20.0	22000.0	-0.28955964994661354	-0.2143607021091114	-0.14856109266509065	-0.6607173375496131	0.14099855728152288	-0.44635663544050175	-0.3764197904453823	-0.37940128058188805
7.0	21.0	22.0	11000.0	0.7963357079361044	-0.0598552870372524	1.1059542548345007	-0.06965957626948693	0.3096185468983963	-0.009804289232234531	0.06946626600208106	0.041754792068218194
7.0	21.0	23.0	11000.0	0.6565295808347926	0.24496407865534042	2.384514656933675	0.12997515360461875	1.7279850760988822	-0.11498892505072167	-0.084355327920008	-0.017515137993910912
7.0	22.0	23.0	11000.0	-0.07677525672828622	0.3004787957054722	1.278560402099174	0.1996347298741057	1.3553356588274603	-0.10084406583136651	-0.15382159392208905	-0.059269930062129106
8.0	24.0	25.0	12000.0	-0.5129011603405225	-0.5912664669714225	-0.7299332497601654	-0.2010745064242201	-0.21703208941964292	0.3901919605472024	-0.7879324602632067	-0.46190900924651856
8.0	24.0	26.0	12000.0	0.39666639871139786	-0.7497557919053746	0.12000059537979268	-0.31837893564988917	-0.2766658033316052	0.4313768562554854	-1.5499416021292731	-1.3241189922491259
8.0	25.0	26.0	12000.0	0.8774759695772065	-0.22667947014308254	0.8499338451399581	-0.11730442922566908	-0.02754212443724846	0.10937504091741346	-0.7620091418660664	-0.8622099830026073
9.0	27.0	28.0	22000.0	-0.43208947201502745	-0.2695382107852202	-0.48185463957509	-0.3071355941760885	-0.04976516756006255	-0.037597383390868266	0.36385998935017483	0.39623272379678554
9.0	27.0	29.0	22000.0	-1.023983959779927	-0.7102680415407363	-0.8293060289137202	-2.2784741100576866	0.19467793086620677	-1.5682060685169503	1.0162201640603428	0.7595395615729927
9.0	28.0	29.0	22000.0	-0.5147575046177977	-0.366489365800291	-0.3474513893386302	-1.9713385158815981	0.1673061152791675	-1.6048491500813071	0.6523601747101679	0.3633068377762072
10.0	30.0	31.0	11000.0	-0.0696282033065474	-0.49558557097283895	-0.23426984912589432	-0.877552906422352	-0.16464164581934693	-0.381967335449513	0.23330130281894412	0.24259715974723406
10.0	30.0	32.0	11000.0	-0.7614675591515994	-0.6759771781946355	0.5090422004095672	-0.9059295421980096	1.2705097595611665	-0.22995236400337404	0.25479928687187225	0.3118708393813705
10.0	31.0	32.0	11000.0	-0.6079563919423316	-0.14475245203358256	0.7433120495354615	-0.028376635775657633	1.3512684414777931	0.11637581625792492	0.021497984052928132	0.06927367963413644
11.0	33.0	34.0	21000.0	-0.027185971757538674	-1.8720536785328168	0.7332131813270735	-1.1607290940828534	0.7603991530846121	0.7113245844499634	-0.13574097113821892	-0.005512003940218335
11.0	33.0	35.0	21000.0	0.3551025998188564	-4.0433217308228535	1.433124705897285	-2.9315960730077677	1.0780221060784285	1.1117256578150858	-0.544767855575202	-0.39617769510730483
11.0	34.0	35.0	21000.0	0.3842127934866477	-2.167989005247886	0.6999115245702114	-1.7708669789249143	0.3156987310835637	0.3971220263229718	-0.4090268844369831	-0.3906656911670865
12.0	36.0	37.0	22000.0	-0.09300291748574185	-0.038961640107481266	-0.45525958304870073	-0.06495469798937847	-0.3622566655629589	-0.025993057881897208	-0.3656710196650721	-0.0642493250250169
12.0	36.0	38.0	22000.0	0.15574480083452702	0.07586687767603895	-0.7869508407598005	-0.6724810297992008	-0.9426956415943275	-0.7483479074752397	-0.45696343479791324	-0.11649500090139497
12.0	37.0	38.0	22000.0	0.23717626114192214	0.13252398491769668	-0.33169125771109975	-0.6075263318098223	-0.5688675188530219	-0.740050316727519	-0.09129241513284114	-0.05224567587637807
13.0	39.0	40.0	21000.0	-0.1484139812065166	-0.23303623083693914	-0.3379802062429462	-0.2000176186995759	-0.18956622503642961	0.033018612137363235	0.051777062856686484	0.036635616231841084
13.0	39.0	41.0	21000.0	-0.7476237713050802	-0.5741767779869633	-2.1329221728419725	-0.9805607386924748	-1.3852984015368923	-0.4063839607055115	0.2765308139594964	0.39722443662863327
13.0	40.0	41.0	21000.0	-0.6272265939148944	-0.3521663252208471	-1.7949419665990263	-0.7805431199928989	-1.1677153726841318	-0.4283767947720518	0.22475375110280993	0.3605888203967922
14.0	42.0	43.0	11000.0	1.8940099211854795	-0.23979220738337936	1.473005778262177	-0.6161080803790355	-0.42100414292330246	-0.37631587299565616	-0.1497801770361349	0.07446319126386669
14.0	42.0	44.0	11000.0	1.4364343901066832	0.3650101187155359	1.6137000685944258	-0.1804287768698032	0.17726567848774266	-0.5454388955853391	-0.05820567107985397	-0.03296718954576505
14.0	43.0	44.0	11000.0	-0.5169263119397032	0.6887546596174179	0.14069429033224878	0.43567930350923234	0.657620602271952	-0.25307535610818555	0.09157450595628092	-0.10743038080963174
15.0	45.0	46.0	12000.0	-3.5319433683779016	-0.34696221353729495	-3.327338747968497	0.416793808948114	0.20460462040940453	0.763756022485409	-0.16718833291550794	-0.4206143396546622
15.0	45.0	47.0	12000.0	-3.476149291348923	-0.5732641294112684	-3.2353116812712415	0.8685099359690867	0.24083761007768167	1.441774065380355	-0.5909739590794558	-0.6552044189217483
15.0	46.0	47.0	12000.0	0.002965089806162169	-0.18506630918018985	0.09202706669725558	0.45171612702097264	0.08906197689109341	0.6367824362011625	-0.4237856261639479	-0.23459007926708608
16.0	48.0	49.0	11000.0	0.7106601976783562	-0.4421133097798293	0.5978395950357935	-0.8245495500957531	-0.11282060264256266	-0.3824362403159238	-0.2520592766967198	-0.46845208647316383
16.0	48.0	50.0	11000.0	1.3387866658358538	0.3913885328116571	2.5321571964586838	0.043390801477016794	1.19337053062283	-0.3479977313346403	-0.9872528786800743	-1.0778287353742684
16.0	49.0	50.0	11000.0	0.5420388206697666	0.8001363575842397	1.9343176014228902	0.8679403515727699	1.3922787807531236	0.06780399398853021	-0.7351936019833545	-0.6093766489011045
17.0	51.0	52.0	12000.0	0.10980387001308411	-1.513370471969198	-0.2805066680973596	-0.8514550025065546	-0.3903105381104437	0.6619154694626435	0.0637017407113234	0.20840543930086852
17.0	51.0	53.0	12000.0	-0.1462974289184178	-1.2793819026219957	-0.6078064138496302	0.028332290990420006	-0.4615089849312124	1.3077141936124157	0.07337769181974352	-0.05323733769349559
17.0	52.0	53.0	12000.0	-0.2812149359552665	0.19657443050746792	-0.3272997457522706	0.8797872934969746	-0.046084809797004134	0.6832128629895067	0.009675951108420122	-0.2616427769943641
18.0	54.0	55.0	21000.0	-0.28126244041893234	-1.8190066342043387	-0.6409140584032684	-1.85060529320981	-0.3596516179843361	-0.03159865900547132	0.08138909918675097	-0.18169360779436516
18.0	54.0	56.0	21000.0	0.09171582850156845	-2.0068253364783875	-0.8657297252648277	-2.7472324335831217	-0.9574455537663962	-0.7404070971047343	0.3229835633975071	0.08206248855329079
18.0	55.0	56.0	21000.0	0.37257051162648125	-0.15947364981716472	-0.2248156668615593	-0.8966271403733117	-0.5973861784880405	-0.737153490556147	0.24159446421075614	0.26375609634765596
19.0	57.0	58.0	22000.0	-0.004755596925591021	-1.241656201408662	-0.40615245106528164	-0.6436282033839689	-0.4013968541396906	0.5980279980246932	-0.10400268405982871	0.01090778715715146
19.0	57.0	59.0	22000.0	-0.23295822884946915	-2.0841626628232186	-0.76492619638816	-1.953037107138016	-0.5319679675386908	0.13112555568520268	-0.007191820585667585	0.1001699815571655
19.0	58.0	59.0	22000.0	-0.14077965436272954	-0.7979616979682476	-0.3587737453228783	-1.309408903754047	-0.21799409096014877	-0.5114472057857995	0.09681086347416112	0.08926219440001404
20.0	60.0	61.0	22000.0	-0.23643825877159674	0.40492525080413344	-0.05850654240703079	-0.08506504477168164	0.17793171636456595	-0.4899902955758151	-0.05888553340902547	0.09055612450595163
20.0	60.0	62.0	22000.0	0.26932662462827217	1.0948986772858031	0.47869283677505337	-1.10338586863827	0.2093662121467812	-2.198284545924073	-0.19956379448944972	0.11238552476250874
20.0	61.0	62.0	22000.0	0.5036539937348845	0.6648962013642787	0.5371993791820842	-1.0183208238665884	0.03354538544719965	-1.6832170252308671	-0.14067826108042425	0.021829400256557108
21.0	63.0	64.0	11000.0	-0.06040338305505433	0.3036419320795698	0.0877865782375693	-0.5407762986883426	0.14818996129262363	-0.8444182307679124	-0.3181645712938348	-0.48500182084775645
21.0	63.0	65.0	11000.0	0.04695257537107356	0.806312588997816	2.0003511673177172	-1.1399834157637088	1.9533985919466437	-1.9462960047615248	-0.06932416153463805	0.12718636541309536
21.0	64.0	65.0	11000.0	0.2042151163108139	0.41415708602206447	1.912564589080148	-0.5992071170753661	1.708349472769334	-1.0133642030974306	0.24884040975919675	0.6121881862608518
22.0	66.0	67.0	12000.0	1.447689881881204	0.21354570650169258	2.090652457009014	-0.2908134076017177	0.6429625751278101	-0.5043591141034103	0.735971206653204	0.9128917152044593
22.0	66.0	68.0	12000.0	1.8281143749743096	-0.261466992235901	3.499762120981245	-0.1373493999369657	1.6716477460069354	0.12411759229893526	1.3678275624127991	1.2776747996607654
22.0	67.0	68.0	12000.0	0.22057912536413848	-0.4426091159790344	1.409109663972231	0.153464007664752	1.1885305386080924	0.5960731236437864	0.6318563557595951	0.36478308445630603
23.0	69.0	70.0	21000.0	-0.9000618411205163	2.006864781875393	-0.4151213042304107	1.7806962254580867	0.48494053689010563	-0.22616855641730638	0.11000468085273951	0.04460770043577611
23.0	69.0	71.0	21000.0	-3.684598484072853	3.059807118097388	-3.993564721600933	3.0204742695893856	-0.3089662375280797	-0.03933284850800245	-0.30264591512056427	-0.045698557320719146
23.0	70.0	71.0	21000.0	-2.7827428777457026	1.0649717955508784	-3.578443417370522	1.2397780441312989	-0.7957005396248196	0.1748062485804205	-0.4126505959733038	-0.09030625775649526
24.0	72.0	73.0	22000.0	0.04450928117496389	0.028822229375214725	0.660350091352484	0.3163631045681541	0.6158408101775201	0.28754087519293936	-0.24780892341050276	-0.185417508684381
24.0	72.0	74.0	22000.0	0.20648966939270252	-0.4847277023402272	0.7605982755976584	-1.2755230325674347	0.5541086062049558	-0.7907953302272075	-0.23668448974164136	-0.1961327800553221
24.0	73.0	74.0	22000.0	0.16325190925406385	-0.41707413167748086	0.10024818424517434	-1.5918861371355888	-0.06300372500888951	-1.174812005458108	0.0111244336688614	-0.010715271370941082
25.0	75.0	76.0	11000.0	-0.0932359170616035	0.16826531521797694	0.038459225686324316	0.4334651261688123	0.13169514274792782	0.26519981095083534	-0.2843492519128574	-0.3564179600677022
25.0	75.0	77.0	11000.0	-1.076874157052301	-0.3100372783550407	0.685887066483815	-0.359865128695219	1.762761223536116	-0.04982785034017834	-0.43626477793547735	-0.5697373548194804
25.0	76.0	77.0	11000.0	-1.0036826782665402	-0.6080138186482689	0.6474278407974907	-0.7933302548640313	1.651110519064031	-0.18531643621576244	-0.15191552602261993	-0.2133193947517782
26.0	78.0	79.0	12000.0	2.1514889086945947	-1.086312209664154	2.953395078449148	-2.323204336428944	0.8019061697545533	-1.2368921267647899	-0.5719728082564828	-0.34355887233486015
26.0	78.0	80.0	12000.0	3.9782629624739867	-1.3512367852420173	5.538456669765651	-2.0280920330612844	1.5601937072916643	-0.6768552478192671	-0.9121040424699061	-0.861807442625981
26.0	79.0	80.0	12000.0	1.866669974164557	-0.17103886720029404	2.585061591316503	0.2951123033676595	0.718391617151946	0.4661511705679535	-0.3401312342134233	-0.5182485702911208
27.0	81.0	82.0	21000.0	6.901613718665939	1.9471973559015554	2.8407249357327373	-0.9154837008547929	-4.060888782933202	-2.8626810567563483	0.027273735797237464	0.1577539196269555
27.0	81.0	83.0	21000.0	4.027140257614842	1.6351389358095112	-0.3941260692895412	-0.6383105021486699	-4.421266326904383	-2.273449437958181	-0.03166032849716771	0.0886384547971133
27.0	82.0	83.0	21000.0	-2.89742613662058	-0.30333754616449315	-3.2348510050222785	0.277173198706123	-0.3374248684016985	0.5805107448706162	-0.058934064294405175	-0.06911546482984221
28.0	84.0	85.0	11000.0	1.3717923520723927	-3.8227611137879016	0.37283540469366017	-3.532855935146017	-0.9989569473787325	0.2899051786418845	-0.813610940183807	-0.7889098692743985
28.0	84.0	86.0	11000.0	3.1882143169496073	-4.167728354144607	2.2459856964724167	-4.6704646949247035	-0.9422286204771906	-0.5027363407800962	-1.126411267738746	-1.5590406345711116
28.0	85.0	86.0	11000.0	1.8775607838877946	-0.3828384161395926	1.8731502917787566	-1.1376087597786864	-0.004410492109037989	-0.7547703436390938	-0.3128003275549389	-0.7701307652967131
29.0	87.0	88.0	22000.0	1.6046033185332087	-0.5832193865765722	2.2664064067807885	-0.9278944815248451	0.6618030882475798	-0.34467509494827286	-0.7765304470257846	-0.399531084170043
29.0	87.0	89.0	22000.0	3.0034363838774834	-1.054605149207486	3.723696762888949	-2.7556615883818267	0.7202603790114654	-1.7010564391743408	-1.3044663198257496	-0.5596431402942699
29.0	88.0	89.0	22000.0	1.3366982276397108	-0.4257647490046743	1.4572903561081603	-1.8277671068569816	0.12059212846844947	-1.4020023578523073	-0.527935872799965	-0.16011205612422685
30.0	90.0	91.0	21000.0	-1.9032028024953052	1.3199204429585558	-2.714299648696624	1.7239851962901867	-0.8110968462013188	0.40406475333163083	0.2562925194331598	0.5083875103983573
30.0	90.0	92.0	21000.0	-4.435418608308378	2.018617495117044	-6.050057566329656	2.929676832599398	-1.6146389580212777	0.9110593374823539	0.6917301971662368	0.6853395307351349
30.0	91.0	92.0	21000.0	-2.5664695739619745	0.7867771183628216	-3.335757917633032	1.2056916363092114	-0.7692883436710574	0.4189145179463898	0.43543767773307707	0.1769520203367776
31.0	93.0	94.0	12000.0	1.21682292791965	-0.0016734514872487338	1.829983723796886	-0.26995218195884263	0.6131607958772358	-0.2682787304715939	0.46418491050189914	0.6533364294411257
31.0	93.0	95.0	12000.0	1.8599451965016893	-0.24279910615289868	2.849439800555274	-0.3643550122610577	0.9894946040535846	-0.12155590610815903	1.220783731313844	1.4275267718457627
31.0	94.0	95.0	12000.0	0.6066432668940429	-0.22092447156356787	1.019456076758388	-0.09440283030221508	0.4128128098643451	0.1265216412613528	0.756598820811945	0.774190342404637
32.0	96.0	97.0	22000.0	0.14689790357886068	0.19382262753182466	0.49668031997066464	0.1338159388656095	0.34978241639180396	-0.06000668866621517	-0.019832979454342592	-0.5212806315601171
32.0	96.0	98.0	22000.0	-0.8796680899663061	-0.5700715919719803	-0.3834250719771717	-0.9120775145411244	0.4962430179891344	-0.3420059225691441	-0.27473005463173905	-0.277480000013675
32.0	97.0	98.0	22000.0	-1.1052405464903856	-0.8772992516503928	-0.8801053919478363	-1.045893453406734	0.2251351545425493	-0.1685942017563411	-0.25489707517739646	0.24380063154644205
33.0	99.0	100.0	12000.0	-0.7188012458142907	0.05822879719410334	-0.5710433799591783	0.4601731411237324	0.1477578658551124	0.4019443439296291	0.2427714246089323	0.487993325885256
33.0	99.0	101.0	12000.0	-2.116385413867908	-0.050332989042335186	-1.840945555637063	1.516975398426439	0.27543985823084505	1.567308387468774	0.7396705428607362	0.9067467432648328
33.0	100.0	101.0	12000.0	-1.3707251563401277	-0.08943478657553605	-1.2699021756778848	1.0568022573027065	0.10082298066224293	1.1462370438782425	0.4968991182518039	0.41875341737957683
34.0	102.0	103.0	21000.0	0.023068597453904438	-0.2527466521777244	0.539347214699319	-0.2314868655189457	0.5162786172454146	0.0212597866587787	0.011740151129103538	0.059783015253444205
34.0	102.0	104.0	21000.0	-0.010210561722917788	1.327145321761357	-0.038988809703255356	0.5643867187363867	-0.028778247980337568	-0.7627586030249702	-0.1941264839115462	0.1879183632743917
34.0	103.0	104.0	21000.0	-0.0729276713014162	1.6377372815472429	-0.5783360244025744	0.7958735842553324	-0.5054083531011582	-0.8418636972919105	-0.20586663504064973	0.1281353480209475
35.0	105.0	106.0	11000.0	-1.6403525984460305	-1.2416873523659637	-3.680121852601701	-1.0837812829622635	-2.0397692541556705	0.15790606940370022	-0.02673552984391847	0.024230905307149442
35.0	105.0	107.0	11000.0	1.880385654292355	-0.7350957182805198	0.37206951407779343	-1.4520100359168282	-1.5083161402145615	-0.7169143176363084	-0.6752516931974952	-0.5948497949472511
35.0	106.0	107.0	11000.0	3.5120204023731674	0.5115833399782934	4.052191366679494	-0.3682287529545647	0.540170964306327	-0.8798120929328581	-0.6485161633535768	-0.6190807002544005
36.0	108.0	109.0	12000.0	-0.03719573335321069	0.3007887575285393	-0.7615632232390226	0.4621304485465316	-0.7243674898858119	0.16134169101799234	0.3607847228162129	0.43118953142158745
36.0	108.0	110.0	12000.0	-0.6914295342237278	0.3995279464387176	-1.9165382355232623	0.955822332675325	-1.2251087012995345	0.5562943862366074	0.7822265372910877	0.6229343203144282
36.0	109.0	110.0	12000.0	-0.6127091215850919	0.09396491403923957	-1.1549750122842397	0.4936918841287934	-0.5422658906991478	0.3997269700895538	0.42144181447487483	0.19174478889284075
37.0	111.0	112.0	22000.0	-0.6220743389559473	1.021595050298762	-0.0757232391576963	0.7256128358339993	0.546351099798251	-0.2959822144647628	-0.37878350093222934	-0.6819314611362728
37.0	111.0	113.0	22000.0	-0.7160444819946807	0.5625748052480173	0.13730426757751957	-1.0415930053040938	0.8533487495722003	-1.604167810552111	-0.8316710825529938	-0.6943321422003521
37.0	112.0	113.0	22000.0	-0.09633956128047583	-0.4907450322202145	0.21302750673521587	-1.767205841138093	0.3093670680156917	-1.2764608089178786	-0.4528875816207645	-0.012400681064079322
38.0	114.0	115.0	21000.0	-0.8089979914121557	2.355549837781905	0.2906789233297786	1.1164743126380472	1.0996769147419343	-1.2390755251438579	-0.5723466007338232	-0.5602039549855817
38.0	114.0	116.0	21000.0	0.7808940716305468	2.1916501468523437	1.0374878027073464	1.5327700251716578	0.2565937310767996	-0.6588801216806859	-1.1385532392431088	-0.7431641683992751
38.0	115.0	116.0	21000.0	1.4285045797159688	-0.05380539313099497	0.7468088793775678	0.41629571253361064	-0.681695700338401	0.4701011056646056	-0.5662066385092857	-0.1829602134136934
39.0	117.0	118.0	11000.0	-0.8427634587547077	0.4904203005540415	-1.3796850421429099	0.8746819708494513	-0.5369215833882022	0.3842616702954098	-0.3918067246611656	-0.28612572817208815
39.0	117.0	119.0	11000.0	-1.2674800975569678	0.6113501530996608	-1.3301233708095879	1.3114483335675686	-0.06264327325262009	0.7000981804679078	-0.5923694819495608	-0.8394690456819518
39.0	118.0	119.0	11000.0	-0.36296752645607544	0.08377400998919171	0.04956167133332201	0.4367663627181173	0.41252919778939745	0.3529923527289256	-0.20056275728839523	-0.5533433175098637
40.0	120.0	121.0	11000.0	7.178232013945509	0.5295184573608438	7.342493221295285	-0.8879038250290705	0.16426120734977623	-1.4174222823899143	-0.3076105047296309	-0.09217505481170463
40.0	120.0	122.0	11000.0	8.147330957300728	-0.5756460076123977	8.768804198835028	-2.6805418837664092	0.6214732415343001	-2.1048958761540115	-0.39497401561470014	-0.43075988956896083
40.0	121.0	122.0	11000.0	0.8950652223008628	-1.0941095551850069	1.4263109775397425	-1.7926380587373387	0.5312457552388796	-0.6985285035523319	-0.08736351088506922	-0.3385848347572562
41.0	123.0	124.0	22000.0	2.234641964382309	2.4289941658517353	2.357237026308212	1.3255135948088537	0.12259506192590308	-1.1034805710428817	-0.5672954061280961	-0.8516846846120885
41.0	123.0	125.0	22000.0	7.434739021104372	7.423012770404682	6.237242584959404	4.032258889788636	-1.1974964361449683	-3.390753880616046	-0.5750784642867757	-0.7881695120354735
41.0	124.0	125.0	22000.0	5.23869510913107	4.961845960237017	3.8800055586511917	2.7067452949797826	-1.3586895504798786	-2.2551006652572347	-0.007783058158679523	0.06351517257661499
42.0	126.0	127.0	21000.0	0.5359848081372665	0.4296504459279076	0.6019017730363885	0.04033251729015319	0.06591696489912202	-0.3893179286377544	-0.4402302439574868	-0.44939446084446644
42.0	126.0	128.0	21000.0	0.17094085814191118	0.7849305740107475	-0.1952321432320332	0.1875406355652558	-0.3661730013739444	-0.5973899384454917	-0.6776091543020755	-0.6806448504677007
42.0	127.0	128.0	21000.0	-0.359219081457848	0.31746920114622945	-0.7971339162684217	0.1472081182751026	-0.4379148348105737	-0.17026108287112685	-0.2373789103445887	-0.2312503896232343
43.0	129.0	130.0	12000.0	-0.1960567044654269	-0.4320448593393982	-0.060794335487912576	-0.36059107928008416	0.1352623689775143	0.07145378005931402	-0.5304786866783076	-0.37136702767350016
43.0	129.0	131.0	12000.0	-8.7760829827632	-0.9718729508755803	-7.073067463767302	2.385859967956094	1.7030155189958975	3.3577329188316742	-0.867643154176335	-0.7964021668997603
43.0	130.0	131.0	12000.0	-8.506209036737431	-0.3936850325105281	-7.012273128279389	2.746451047236178	1.4939359084580417	3.140136079746706	-0.3371644674980274	-0.42503513922626013
44.0	132.0	133.0	21000.0	0.47725249754711196	-1.0595129459936086	0.22672271175019887	-1.1812701109288355	-0.2505297857969131	-0.12175716493522692	0.06231950427787325	-0.009276381562450808
44.0	132.0	134.0	21000.0	0.0828467519501963	-0.27601685450969526	-0.9954806414016275	-0.9033259135308072	-1.0783273933518238	-0.6273090590211119	0.18193852060873184	0.06755037728581925
44.0	133.0	134.0	21000.0	-0.3300108589665429	0.7228188668896243	-1.2222033531518264	0.27794419739802834	-0.8921924941852835	-0.44487466949159593	0.11961901633085859	0.07682675884827006
45.0	135.0	136.0	11000.0	-1.0295002540049891	-0.7614822791710019	-1.190930857926901	-0.49821491407647045	-0.16143060392191177	0.2632673650945314	-0.17749968641818725	-0.07389540564936681
45.0	135.0	137.0	11000.0	-1.454059569398508	-0.8711742729749554	-0.5569068018830876	-0.8755226701869105	0.8971527675154203	-0.004348397211955124	0.09167214693214021	0.1473341620555999
45.0	136.0	137.0	11000.0	-0.48880976286441147	-0.12144577618454822	0.6340240560438133	-0.3773077561104401	1.1228338189082248	-0.2558619799258919	0.26917183335032746	0.2212295677049667
46.0	138.0	139.0	12000.0	-0.392861625594656	-1.8299144671654188	0.10539836921020651	-1.2601064440927985	0.4982599948048625	0.5698080230726204	-0.27028871279262034	-0.35304672180174634
46.0	138.0	140.0	12000.0	-1.6092069541894816	-3.3531396749301603	-0.2739094364756056	-1.5159071120137924	1.335297517713876	1.837232562916368	-0.603245321074084	-0.5861318204743782
46.0	139.0	140.0	12000.0	-1.119874957418454	-1.608727098056022	-0.3793078056858121	-0.2558006679209939	0.740567151732642	1.3529264301350281	-0.3329566082814637	-0.23308509867263183
47.0	141.0	142.0	22000.0	0.6587566963524374	-1.3834010350854147	1.0441484652426425	-1.0764206478252163	0.3853917688902051	0.3069803872601984	0.12380830550102218	0.2244930996575647
47.0	141.0	143.0	22000.0	5.556858395946294	0.19149742503273792	6.370614297145494	-2.8533011900653946	0.8137559011992002	-3.0447986150981325	0.0035662426738767294	0.25622583584162584
47.0	142.0	143.0	22000.0	4.883519907785061	1.6581654357910516	5.326465831902851	-1.7768805422401783	0.4429459241177902	-3.43504597803123	-0.12024206282714545	0.03173273618406114
48.0	144.0	145.0	11000.0	1.1317746984528627	0.7183996412180482	1.509080723230113	0.05728339650545422	0.3773060247772504	-0.661116244712594	-0.4618488753254866	-0.5260618988532357
48.0	144.0	146.0	11000.0	-0.4351894078840619	-1.134052007409685	0.46051130704927346	-1.6138987413658015	0.8957007149333354	-0.47984673395611654	-1.1119404779830404	-0.8053825055926893
48.0	145.0	146.0	11000.0	-1.66094127288682	-1.8600736762498187	-1.0485694161808397	-1.6711821378712557	0.6123718567059804	0.18889153837856298	-0.6500916026575538	-0.2793206067394536
49.0	147.0	148.0	21000.0	1.4888152005180357	0.6077861134470837	0.9496344976785167	0.37288738785196074	-0.539180702839519	-0.23489872559512293	0.10929902896295829	-0.28765116240781197
49.0	147.0	149.0	21000.0	1.004005944214553	0.7547784486303186	-0.4185378803686035	0.9135163448879666	-1.4225438245831565	0.158737896257648	-0.026609722360696253	0.06999113553358427
49.0	148.0	149.0	21000.0	-0.383310754563273	0.08565092593751089	-1.3681723780471202	0.5406289570360059	-0.9848616234838472	0.454978031098495	-0.13590875132365454	0.35764229794139624
50.0	150.0	151.0	22000.0	-0.13059318521585883	-0.32824804227503357	-0.024604748627325534	0.0002581557600933593	0.1059884365885333	0.32850619803512693	-0.22341463672346862	-0.4011120210477941
50.0	150.0	152.0	22000.0	-0.6244538420509169	-0.6357512707556197	-0.4630051032461324	-1.0155882164167451	0.1614487388047845	-0.37983694566112547	-0.6880204067997227	-0.6562635934167957
50.0	151.0	152.0	22000.0	-0.5522965508634297	-0.32917118211717256	-0.4384003546188069	-1.0158463721768385	0.11389619624462277	-0.6866751900596659	-0.46460577007625403	-0.25515157236900166
51.0	153.0	154.0	12000.0	2.1688183588447156	0.9808396151360466	0.20426774196130282	-0.17010892188022808	-1.9645506168834128	-1.1509485370162746	0.3982768318670509	-0.00848560201497861
51.0	153.0	155.0	12000.0	4.000459699778422	0.5284143567150492	2.008485086924111	-3.0109494621062822	-1.9919746128543112	-3.5393638188213314	0.6835861520762521	0.12736976909997821
51.0	154.0	155.0	12000.0	1.8740735244195417	-0.4274271921560029	1.804217344962808	-2.840840540226054	-0.06985617945673361	-2.4134133480700513	0.2853093202092012	0.13585537111495682
52.0	156.0	157.0	11000.0	-1.414182269840115	-0.12457623951550723	-1.5734209727509096	0.31679746291911215	-0.15923870291079467	0.4413737024346194	-0.10897546790354795	-0.396108328372371
52.0	156.0	158.0	11000.0	-2.1855125517394196	0.8776466684803186	-1.3316581341769052	1.7157846186182724	0.8538544175625145	0.8381379501379538	-0.49306371854217446	-0.7660408577233468
52.0	157.0	158.0	11000.0	-0.7269201862760424	0.9691022802393432	0.2417628385740045	1.3989871556991602	0.9686830248500469	0.429884875459817	-0.3840882506386265	-0.36993252935097587
53.0	159.0	160.0	12000.0	0.2869969037211533	0.13912796655835447	0.7702076887014755	-1.1194786071382623	0.4832107849803222	-1.2586065736966168	0.00661628437596562	-0.1557884296203511
53.0	159.0	161.0	12000.0	2.6535114694278645	0.615611949881016	3.6001959300185717	-0.4013707691201489	0.9466844605907072	-1.0169827190011649	0.5979074998449363	0.19308682621874595
53.0	160.0	161.0	12000.0	2.381461257455177	0.564714089267607	2.8299882413170963	0.7181078380181134	0.44852698386191925	0.15339374875050638	0.5912912154689707	0.34887525583909706
54.0	162.0	163.0	22000.0	-0.6960067694680196	0.026684586931206233	-0.7490946423665719	0.7394615066282313	-0.05308787289855221	0.7127769196970251	-0.5945095003357821	-0.47134721218382936
54.0	162.0	164.0	22000.0	-0.017799422711712864	0.414292149302689	0.3250210682629131	-0.03883430271321231	0.34282049097462597	-0.4531264520159013	-1.2128553880898423	-1.2364587032692
54.0	163.0	164.0	22000.0	0.7046845092815506	0.3210398356560491	1.074115710629485	-0.7782958093414436	0.3694312013479344	-1.0993356449974927	-0.6183458877540602	-0.7651114910853707
55.0	165.0	166.0	21000.0	-1.04499599566548	-0.444940300842533	-2.1423262911976053	0.1932183726717085	-1.0973302955321254	0.6381586735142415	-0.3007137228005661	0.10519101300835132
55.0	165.0	167.0	21000.0	-2.7994483130803705	-0.3175394120758419	-4.580961577158291	0.41944443984584723	-1.7815132640779208	0.7369838519216891	-0.1253318813280231	0.00934073111825029
55.0	166.0	167.0	21000.0	-1.7798380005576604	0.07084719380716553	-2.438635285960686	0.22622606717413873	-0.6587972854030255	0.1553788733669732	0.175381841472543	-0.09585028189010103
56.0	168.0	169.0	22000.0	-0.4153368960048205	-1.9573317094190532	-1.6826047442689287	-2.530893567102339	-1.2672678482641082	-0.5735618576832859	0.21793838727411696	0.19215415464771013
56.0	168.0	170.0	22000.0	3.581831556076149	-4.832611945249159	1.8365505725706726	-5.5772158222880535	-1.7452809835054763	-0.7446038770388945	0.31257438139088833	0.5117423216316084
56.0	169.0	170.0	22000.0	3.9222843512361347	-2.849084216995868	3.5191553168396013	-3.0463222551857143	-0.40312903439653347	-0.19723803818984642	0.09463599411677137	0.31958816698389825
57.0	171.0	172.0	21000.0	-0.004574145316077249	0.2067190984861469	-0.02614812044635073	-1.244111705944988	-0.02157397513027348	-1.4508308044311349	0.5952675126081886	0.5590326274320105
57.0	171.0	173.0	21000.0	0.13923174924102	0.8344818155474236	-0.4617320520139856	-1.250127500370354	-0.6009638012550056	-2.0846093159177776	0.965978342194461	0.7992783432523112
57.0	172.0	173.0	21000.0	0.14308862930052335	0.6113231252473685	-0.43558393156763486	-0.006015794425366039	-0.5786725608681582	-0.6173389196727346	0.37071082958627244	0.24024571582030063
58.0	174.0	175.0	12000.0	-5.292087986670023	0.7317885609479253	-5.958456056055184	1.935478643085844	-0.666368069385161	1.2036900821379186	-0.03914842943072472	-0.18659275600212055
58.0	174.0	176.0	12000.0	-3.3645811138670023	-0.22207119826775656	-4.376412789094275	1.418521995893343	-1.0118316752272722	1.6405931941610996	-0.2399756723414015	-0.5106694508060698
58.0	175.0	176.0	12000.0	1.928488304077752	-0.92872740511757	1.582043266960909	-0.5169566471925009	-0.34644503711684305	0.4117707579250691	-0.20082724291067677	-0.3240766948039493
59.0	177.0	178.0	11000.0	-1.7965134881992304	2.528058930579478	-0.8119331311988844	2.314082294961736	0.984580357000346	-0.21397663561774216	-1.2862633798473126	-1.335596024139484
59.0	177.0	179.0	11000.0	0.17973773299372287	5.538586533677963	2.989018194352525	2.1395399363830165	2.809280461358802	-3.399046597294946	-2.2557034391073643	-2.3795386988154448
59.0	178.0	179.0	11000.0	1.9381645233062494	2.908386211077648	3.8009513255514094	-0.17454235857871936	1.86278680224516	-3.0829285696563673	-0.9694400592600516	-1.0439426746759608
60.0	180.0	181.0	11000.0	0.015253970826188734	0.6153848789512599	0.6266052463010965	1.3051599395555513	0.6113512754749078	0.6897750606042914	-0.5107319749777872	-0.7633712739039211
60.0	180.0	182.0	11000.0	-1.833674056069869	-1.5942626832376767	0.9578470135401176	0.021551615519001643	2.7915210696099866	1.6158142987566784	-0.9693307242424325	-1.032595329820012
60.0	181.0	182.0	11000.0	-1.9280197571764894	-2.2752859800147895	0.3312417672390211	-1.2836083240365497	2.2592615244155105	0.9916776559782399	-0.4585987492646453	-0.2692240559160908
61.0	183.0	184.0	22000.0	-0.3502998270449771	0.6826454506624655	0.32778876057500383	0.7644294957765396	0.6780885876199809	0.08178404511407411	-0.8355826429527227	-0.9724027032729268
61.0	183.0	185.0	22000.0	-0.5835885800059541	0.7657877475780897	0.4025175395042879	0.33612452257580117	0.9861061195102421	-0.4296632250022885	-1.2894775978556083	-1.4183099535912334
61.0	184.0	185.0	22000.0	-0.20955814650466653	-0.011022008328644084	0.07472877892928409	-0.42830497320073846	0.2842869254339506	-0.4172829648720944	-0.4538949549028857	-0.4459072503183066
62.0	186.0	187.0	21000.0	-0.9396096966057232	-0.8172095421949193	-1.7778587242512458	-0.19196107160155407	-0.8382490276455226	0.6252484705933652	-0.7162817557408729	-0.6804798914271544
62.0	186.0	188.0	21000.0	-0.9663885116908997	-1.2913546774557458	-2.8894728748006173	-1.078529204135748	-1.9230843631097176	0.2128254733199979	-0.7177303708977973	-0.548911426615831
62.0	187.0	188.0	21000.0	-0.040794000143444364	-0.43475834302427696	-1.1116141505493715	-0.8865681325341939	-1.0708201504059272	-0.4518097895099169	-0.0014486151569244043	0.13156846481132334
63.0	189.0	190.0	12000.0	-0.6701841685645036	0.7425330158596202	-0.27321764021098716	0.3587037616566704	0.3969665283535164	-0.3838292542029498	0.14379479322094824	0.28175912215981924
63.0	189.0	191.0	12000.0	-5.108407609681758	2.496465192490316	-3.7686389748403144	3.2214885799241983	1.3397686348414437	0.7250233874338825	0.19330812001366837	0.24707763495600688
63.0	190.0	191.0	12000.0	-4.537491428739112	1.835559810522466	-3.4954213346293272	2.862784818267528	1.0420700941097847	1.027225007745062	0.049513326792720136	-0.03468148720381237
64.0	192.0	193.0	11000.0	0.5880501699771896	0.4078357757220994	1.1102144774929457	-0.07508119525709844	0.522164307515756	-0.48291697097919783	0.4000159370043477	0.70683686500211
64.0	192.0	194.0	11000.0	-0.017213066101046337	0.33645497961739235	1.6974381343707137	-0.5602929309629872	1.71465120047176	-0.8967479105803795	0.15256284574041956	0.22359931154537804
64.0	193.0	194.0	11000.0	-0.6409400550828304	-0.06275229935382143	0.587223656877768	-0.4852117357058887	1.2281637119605984	-0.4224594363520673	-0.24745309126392812	-0.4832375534567319
65.0	195.0	196.0	12000.0	-2.4855438571726776	1.6083861134096056	0.3567565701766853	2.403433262281851	2.842300427349363	0.7950471488722455	0.5722004314504971	0.38900367345434006
65.0	195.0	197.0	12000.0	-1.0664459691152413	1.6972554216028612	1.850059607394087	2.6460677797736025	2.916505576509328	0.9488123581707413	0.30871377582948867	-0.041752673143449215
65.0	196.0	197.0	12000.0	1.3718976318623373	0.13394606869838643	1.4933030372174017	0.24263451749175147	0.12140540535506439	0.10868844879336503	-0.2634866556210085	-0.4307563465977893
66.0	198.0	199.0	21000.0	0.7050197913837462	0.07218339434545218	0.35535281284956	-0.033025817826001	-0.34966697853418616	-0.10520921217145318	-1.094797264024379	-0.5886521467830192
66.0	198.0	200.0	21000.0	0.33283016145458166	0.0718877084680214	-0.9983280248748088	-0.01389244312304072	-1.3311581863293904	-0.08578015159106211	-1.8816034368642818	-1.4578786708935993
66.0	199.0	200.0	21000.0	-0.3423558139466403	-0.026762696184348123	-1.3536808377243688	0.019133374702960282	-1.0113250237777285	0.045896070887308404	-0.7868061728399027	-0.8692265241105801
67.0	201.0	202.0	22000.0	0.4204600075984297	-0.052764041655767535	0.1493054946168968	-0.22325678900369894	-0.2711545129815329	-0.1704927473479314	0.43550400050440174	0.2848843468892781
67.0	201.0	203.0	22000.0	1.0756633495990382	-2.033213273289684	-0.045818774386816585	-3.332973653997442	-1.1214821239858548	-1.2997603807077578	0.252276458214304	0.36813630045254797
67.0	202.0	203.0	22000.0	0.41749581498132393	-1.9407777729075955	-0.19512426900371338	-3.109716864993743	-0.6126200839850373	-1.1689390920861475	-0.18322754229009774	0.08325195356326986
68.0	204.0	205.0	22000.0	1.0053452851373992	0.4187501956737929	0.6366006134830968	-0.09088708811486867	-0.36874467165430236	-0.5096372837886616	-0.1336005962215978	-0.24705614663595554
68.0	204.0	206.0	22000.0	1.015233389810703	0.8077316918306607	0.962203061247692	-0.8084607489486189	-0.05303032856301115	-1.6161924407792796	0.09145023404099106	0.15589677517915845
68.0	205.0	206.0	22000.0	-0.04234983513355939	0.4415115131111129	0.3256024477645951	-0.7175736608337502	0.3679522828981545	-1.159085173944863	0.22505083026258887	0.402952921815114
69.0	207.0	208.0	21000.0	1.2876431479595176	-0.40342856059877086	1.2323051394664617	-0.7164121208063534	-0.055338008493055924	-0.31298356020758256	0.18706363302914042	0.05991318171804494
69.0	207.0	209.0	21000.0	1.2030814333475321	-2.1288440801249475	-0.18969831885465283	-3.1095231454341956	-1.392779752202185	-0.9806790653092481	0.3586222629045821	0.419792227302743
69.0	208.0	209.0	21000.0	-0.0216789581168495	-1.6723364955664914	-1.4220034583211145	-2.393111024627842	-1.400324500204265	-0.7207745290613508	0.17155862987544168	0.3598790455846981
70.0	210.0	211.0	11000.0	2.7919356400619257	-0.5364544454616622	1.9800670849773496	-1.1970537778483958	-0.8118685550845761	-0.6605993323867336	-1.200784284603266	-1.4922275439713388
70.0	210.0	212.0	11000.0	3.02295768800634	-1.0542367533230328	3.1503494085534385	-1.7463286446668462	0.12739172054709869	-0.6920918913438134	-2.2465124885174603	-2.205151965193579
70.0	211.0	212.0	11000.0	0.19726421632553226	-0.48378100507127897	1.1702823235760889	-0.5492748668184504	0.9730181072505566	-0.06549386174717142	-1.0457282039141944	-0.7129244212222403
71.0	213.0	214.0	12000.0	-0.7342749568908333	-1.3487917551722983	-1.064932527150063	-0.5710435788369068	-0.3306575702592296	0.7777481763353915	0.3593108717952802	0.41160634161984433
71.0	213.0	215.0	12000.0	-0.8967850342386923	-1.8260082151808348	-0.567382890585236	-0.5284719330611551	0.3294021436534562	1.2975362821196796	0.1571416256391771	0.22762861417262314
71.0	214.0	215.0	12000.0	-0.21787110046881608	-0.3813994764224784	0.49754963656482687	0.042571645775751676	0.715420737033643	0.4239711221982301	-0.2021692461561031	-0.18397772744722118
72.0	216.0	217.0	12000.0	-0.5304745433958091	1.1205456166479166	-0.14776707185455962	1.0646815663556026	0.3827074715412495	-0.055864050292314005	0.21783458250744303	0.29208418850397067
72.0	216.0	218.0	12000.0	-0.28574839340730485	1.5617811318713244	0.6381966223589188	2.241858491190442	0.9239450157662237	0.6800773593191174	0.06939470571869322	0.039668633392288655
72.0	217.0	218.0	12000.0	0.2558509344830888	0.44815365385028194	0.7859636942134784	1.1771769248348392	0.5301127597303896	0.7290232709845572	-0.1484398767887498	-0.252415555111682
73.0	219.0	220.0	22000.0	1.5046481297695395	-0.9313080919866739	0.1851947593463592	-1.6680739324553997	-1.3194533704231803	-0.7367658404687258	-0.3938501668824017	-0.559231727170669
73.0	219.0	221.0	22000.0	2.9270719153443867	-1.777061011770682	0.7855498334715776	-3.717352712290676	-2.141522081872809	-1.9402917005199942	-0.8751403377098796	-0.7770105229097481
73.0	220.0	221.0	22000.0	1.4086577111532215	-0.8498472902697563	0.6003550741252184	-2.0492787798352765	-0.8083026370280031	-1.1994314895655203	-0.48129017082747794	-0.2177787957390791
74.0	222.0	223.0	21000.0	2.063405010462641	0.49224321169742247	2.1420727678666935	-0.7499632745302733	0.07866775740405263	-1.2422064862276958	-0.5531329289467379	-0.7651651984488623
74.0	222.0	224.0	21000.0	2.3568591956110545	-0.08263375945105533	1.649203310611938	-1.615503981386155	-0.7076558849991166	-1.5328702219350996	-0.8328591436512198	-1.040677666514334
74.0	223.0	224.0	21000.0	0.3174311476258147	-0.5510364782669201	-0.4928694572547556	-0.8655407068558816	-0.8103006048805703	-0.31450422858896143	-0.2797262147044819	-0.2755124680654717
75.0	225.0	226.0	11000.0	0.11331361906188064	0.3399734284200866	1.0799926913863374	0.7786583923971193	0.9666790723244567	0.4386849639770327	-0.6275367059101882	-0.7065775555995657
75.0	225.0	227.0	11000.0	1.2876564562140835	0.41540862867989947	4.039322721163671	0.6975383007900291	2.7516662649495878	0.2821296721101296	-0.6748351550627945	-0.6551364048243329
75.0	226.0	227.0	11000.0	1.1226659170363273	-0.007995530905556159	2.959330029777334	-0.08112009160709022	1.8366641127410066	-0.07312456070153406	-0.04729844915260628	0.05144115077523281
76.0	228.0	229.0	12000.0	-2.777724298149784	1.9472979138350723	-2.5409513175662823	1.582018488790709	0.2367729805835017	-0.3652794250443634	0.033936432663438154	-0.12160463415944633
76.0	228.0	230.0	12000.0	-2.145112143422475	3.6244204215310383	-1.1162117050571396	4.167731083251056	1.0289004383653353	0.5433106617200174	0.009042515147449137	0.14135145758432088
76.0	229.0	230.0	12000.0	0.6163027368335605	1.685820213823888	1.4247396125091427	2.5857125944603467	0.8084368756755822	0.8998923806364587	-0.024893917515989017	0.2629560917437672
77.0	231.0	232.0	11000.0	0.5743537740894853	-1.3356849651045453	0.4507673508510379	-1.2851839566426406	-0.12358642323844737	0.05050100846190464	0.18248958890940514	0.3320600394741078
77.0	231.0	233.0	11000.0	2.6772181143513283	-2.299594231082148	3.5457359229110352	-2.641931441380393	0.868517808559707	-0.34233721029824515	0.6372753916244704	0.5819554907178386
77.0	232.0	233.0	11000.0	2.101016098019141	-0.97052745114663	3.0949685720599973	-1.3567474847377525	0.9939524740408565	-0.38622003359112256	0.4547858027150653	0.2498954512437308
78.0	234.0	235.0	21000.0	-1.3374530465782932	-0.17715152580889448	-0.8369353797502299	0.8157944657662028	0.5005176668280633	0.9929459915750973	-0.3070776333676264	-0.446904505786641
78.0	234.0	236.0	21000.0	-0.2588880543598684	-0.4103519407400631	-0.3324779020861115	-0.30150126630223895	-0.07358984772624311	0.10885067443782415	-0.4725941672720495	-0.7454036552051093
78.0	235.0	236.0	21000.0	0.9763506505929112	-0.24623495626997283	0.5044574776641184	-1.1172957320684418	-0.47189317292879274	-0.871060775798469	-0.1655165339044231	-0.29849914941846833
79.0	237.0	238.0	22000.0	-3.7319219820314373	-1.0760870460800422	-3.47061857216886	0.7360629562119811	0.2613034098625775	1.8121500022920234	-0.3004174420713781	-0.30875076104515387
79.0	237.0	239.0	22000.0	-3.156010003335278	-0.8909447567690094	-2.9263781114113954	0.8877281931934249	0.22963189192388267	1.7786729499624343	-0.6999767160797603	-0.572466319887944
79.0	238.0	239.0	22000.0	0.4988510951646852	0.22052022416806683	0.5442404607574645	0.15166523698144374	0.045389365592779285	-0.06885498718662308	-0.3995592740083822	-0.2637155588427902
80.0	240.0	241.0	11000.0	0.04558416521202968	0.9069365038056443	0.3050577167891788	0.6603428671839993	0.25947355157714913	-0.24659363662164502	0.2576572741753722	-0.06764520631983117
80.0	240.0	242.0	11000.0	-0.012806276930892757	1.2024767568874033	1.4848344632724775	1.3218755436726042	1.4976407402033702	0.11939878678520088	0.5048079117828621	0.5887768899901644
80.0	241.0	242.0	11000.0	-0.021955856851652022	0.24865252328283205	1.1797767464832987	0.6615326764886049	1.2017326033349507	0.41288015320577287	0.2471506376074899	0.6564220963099956
81.0	243.0	244.0	12000.0	-0.31804841791555827	2.888930729483217	0.26264653946782346	2.823392390570234	0.5806949573833817	-0.06553833891298311	0.1956392284114301	0.12781197010428968
81.0	243.0	245.0	12000.0	-0.45565567409441865	2.127078652303255	-0.7476798380515675	2.157377678198145	-0.2920241639571488	0.030299025894890086	-0.18572794501260148	0.07201125482546189
81.0	244.0	245.0	12000.0	-0.10991401836189585	-0.7576592025691085	-1.010326377519391	-0.666014712372089	-0.9004123591574951	0.09164449019701948	-0.3813671734240316	-0.055800715278827795
82.0	246.0	247.0	22000.0	4.05875745907543	1.2619819946746516	3.120473320835572	-0.13653516251929432	-0.9382841382398581	-1.3985171571939459	0.21769062074790213	0.1672196922410336
82.0	246.0	248.0	22000.0	1.2852867938191217	1.4438180480478682	0.24048153690387153	-1.3168389996060341	-1.0448052569152502	-2.7606570476539023	-0.007234572530386174	0.04515499212909191
82.0	247.0	248.0	22000.0	-2.781611108832429	0.20205605407944027	-2.8799917839317004	-1.1803038370867398	-0.09838067509927129	-1.38235989116618	-0.2249251932782883	-0.1220647001119417
83.0	249.0	250.0	21000.0	0.7733728644526368	2.3774023374615663	-1.1324870170342365	1.748268459072733	-1.9058598814868732	-0.6291338783888332	1.0418867944937062	1.1235081639514632
83.0	249.0	251.0	21000.0	-0.46105971717723904	1.8169690619123502	-3.11567608627729	2.5052140464817967	-2.654616369100051	0.6882449845694465	1.8528108009809046	1.9847372611870284
83.0	250.0	251.0	21000.0	-1.260805367024556	-0.6120836980201805	-1.9831890692430534	0.7569455874090636	-0.7223837022184973	1.369029285429244	0.8109240064871983	0.8612290972355652
84.0	252.0	253.0	21000.0	1.2734358410682676	-3.7058819653888007	-1.1616526405164223	-3.281073742580702	-2.43508848158469	0.4248082228080987	0.08313972525147051	-0.09114480700849015
84.0	252.0	254.0	21000.0	2.0110795219388624	-5.695502960726004	-1.7130584332328453	-5.198335370091172	-3.7241379551717078	0.49716759063483185	0.11865720657837642	0.03918879443451573
84.0	253.0	254.0	21000.0	0.6829403961870417	-1.9964559886460362	-0.5514057927164231	-1.9172616275104701	-1.2343461889034648	0.0791943611355661	0.03551748132690591	0.13033360144300588
85.0	255.0	256.0	11000.0	-0.3539457639331154	-0.6648757764729831	-0.08082256203829274	-0.41865807149406464	0.27312320189482264	0.24621770497891848	-0.48183390814511995	0.15759950285262647
85.0	255.0	257.0	11000.0	-1.7004187319578028	-2.2862846917828286	-0.6777894033054963	-2.545232570893404	1.0226293286523065	-0.2589478791105755	-0.5422334353606857	-0.4378560376164984
85.0	256.0	257.0	11000.0	-1.1947404554281356	-1.7487913160550104	-0.5969668412672036	-2.1265744993993394	0.597773614160932	-0.37778318334432903	-0.06039952721556574	-0.5954555404691249
86.0	258.0	259.0	12000.0	0.9551403600636794	-1.1938375685910163	0.9574402703344731	-1.443558743550966	0.0022999102707936814	-0.24972117495994972	-0.4117251028978899	-0.15690152094278886
86.0	258.0	260.0	12000.0	1.2923923940241702	-2.108132791781091	1.437391516419325	-3.492592252257964	0.14499912239515478	-1.3844594604768732	-0.4036311801155321	-0.6419160437890241
86.0	259.0	260.0	12000.0	0.3187928594743772	-0.9142229976049441	0.47995124608485185	-2.049033508706998	0.16115838661047466	-1.1348105111020539	0.008093922782357765	-0.48501452284623525
87.0	261.0	262.0	22000.0	1.4810915720746074	-0.3271551803131372	1.0958751027191056	0.6326045962321132	-0.3852164693555018	0.9597597765452504	-0.483708343728388	-0.37094012955959954
87.0	261.0	263.0	22000.0	1.3397970326059943	-0.3745272063639815	0.7588696411150977	-0.8338096107934234	-0.5809273914908966	-0.4592824044294419	-0.2917013410095137	-0.3202640558929133
87.0	262.0	263.0	22000.0	-0.08233440631220823	0.004792062268541564	-0.3370054616040079	-1.4664142070255366	-0.2546710552917997	-1.4712062692940782	0.19200700271887428	0.05067607366668625
88.0	264.0	265.0	22000.0	2.5091897721822463	0.8969126126157807	2.313760905125264	-0.1824407897893252	-0.19542886705698237	-1.079353402405106	-0.007276318663812731	-0.03035336309972081
88.0	264.0	266.0	22000.0	2.709862009810709	0.9552595316718397	2.394313399649718	-1.5876262935878458	-0.3155486101609908	-2.5428858252596855	0.31218523590464287	-0.043950495968424264
88.0	265.0	266.0	22000.0	0.08091710160249388	0.10453169419577613	0.08055249452445423	-1.4051855037985206	-0.0003646070780396471	-1.5097171979942967	0.3194615545684556	-0.013597132868703454
89.0	267.0	268.0	21000.0	0.2047635362151876	0.4279798872276359	0.2746735205528239	0.22470299686165163	0.06990998433763629	-0.2032768903659843	0.0312670795125598	0.11849365720038918
89.0	267.0	269.0	21000.0	0.991442186836391	0.9278090742786862	0.4674105098806649	-0.24272201894382306	-0.5240316769557261	-1.1705310932225093	0.2909269986976142	0.12823962385520105
89.0	268.0	269.0	21000.0	0.7209754465908373	0.46808772272080645	0.192736989327841	-0.4674250158054747	-0.5282384572629963	-0.9355127385262811	0.2596599191850544	0.009745966654811866
90.0	270.0	271.0	11000.0	-0.6457464933626929	-0.5558934332981558	-2.210645220654442	-0.6447793502866261	-1.564898727291749	-0.08888591698847037	-0.45097812651635394	-0.19440614244326326
90.0	270.0	272.0	11000.0	0.023374728432592917	-0.12907455957918312	-1.9162346274995343	-1.115669902115087	-1.9396093559321272	-0.986595342535904	-0.13454587753397362	0.08863220566517072
90.0	271.0	272.0	11000.0	0.6819532799877823	0.4200609313218582	0.2944105931549075	-0.47089055182846096	-0.38754268683287485	-0.8909514831503191	0.3164322489823803	0.283038348108434
91.0	273.0	274.0	12000.0	0.30235437295437784	-0.5675882036321678	-0.3336320750388495	0.117605593451799	-0.6359864479932273	0.6851937970839668	-0.38273385546551	-0.748840257986167
91.0	273.0	275.0	12000.0	-0.1751226240207746	-0.46702708122690506	-1.107802457323146	0.6645691711996733	-0.9326798333023714	1.1315962524265784	-0.8865789530638253	-0.903178859734787
91.0	274.0	275.0	12000.0	-0.3579520217675993	0.1237892215713714	-0.7741703822842965	0.5469635777478743	-0.41621836051669714	0.4231743561765029	-0.5038450975983153	-0.1543386017486199
92.0	276.0	277.0	22000.0	-3.4773597088966914	-4.061571459186636	-3.7733400876265932	-2.6755008647096474	-0.2959803787299018	1.3860705944769887	-0.240846795250512	-0.3170739538649059
92.0	276.0	278.0	22000.0	-4.307009934805587	-2.4358366897083332	-3.5906330143490095	-1.8210088288060433	0.7163769204565771	0.6148278609022899	-0.4011043467493991	-0.4332987625336102
92.0	277.0	278.0	22000.0	-0.8987576028657438	1.6051135037077433	0.18270707327758373	0.8544920359036041	1.0814646761433275	-0.7506214678041392	-0.1602575514988871	-0.11622480866870433
93.0	279.0	280.0	21000.0	-0.4607760168961974	-0.06100908434518537	-0.6093638771886845	0.13661550596543748	-0.14858786029248705	0.19762459031062285	-0.470220631054147	-0.3821704914055104
93.0	279.0	281.0	21000.0	-0.7915364601067107	-0.4432286296853505	-1.5914762604594443	-0.1385417278852401	-0.7999398003527336	0.3046869018001104	-0.8352770227807369	-0.643058211317971
93.0	280.0	281.0	21000.0	-0.3075098470888564	-0.4321933213030329	-0.9821123832707599	-0.2751572338506776	-0.6746025361819035	0.1570360874523553	-0.3650563917265899	-0.2608877199124606
94.0	282.0	283.0	12000.0	0.05936587902594059	0.9154378663498051	-0.6377721644628309	1.7471430768084701	-0.6971380434887715	0.8317052104586651	-0.06485019412278348	0.08294613724247313
94.0	282.0	284.0	12000.0	-0.570190828047604	0.13978552825296386	-1.9919032732182131	0.9868211459272516	-1.4217124451706091	0.8470356176742877	-0.028116817958050433	0.01498831854469529
94.0	283.0	284.0	12000.0	-0.6165353637791187	-0.7877117874203572	-1.3541311087553822	-0.7603219308812186	-0.7375957449762636	0.027389856539138613	0.036733376164733045	-0.06795781869777784
95.0	285.0	286.0	11000.0	-0.469790066149562	0.5717202112098008	-0.7228947330713709	1.0422490823655153	-0.2531046669218089	0.4705288711557145	-0.5717194004768089	-0.7657117079058295
95.0	285.0	287.0	11000.0	0.5772239040884157	1.5090725385408765	1.7797785777358968	1.969943086066678	1.202554673647481	0.4608705475258015	-1.0205719803055615	-0.9294027347984226
95.0	286.0	287.0	11000.0	1.0777607554766142	0.9507528401834877	2.5026733108072676	0.9276940037011627	1.4249125553306534	-0.023058836482324985	-0.4488525798287526	-0.16369102689259307
96.0	288.0	289.0	21000.0	-0.002609160244868569	0.5263917735814605	6.5307846232412885	3.0076495610635448	6.533393783486157	2.4812577874820843	0.0861386052231552	0.20108627531885048
96.0	288.0	290.0	21000.0	-0.18857933042671338	0.8422838091549041	5.688345711662123	2.6380085914011033	5.876925042088836	1.7957247822461992	-0.12623496805422718	-0.019814804094345106
96.0	289.0	290.0	21000.0	-0.21263367078225492	0.26603899782077356	-0.8424389115791655	-0.3696409696624414	-0.6298052407969106	-0.635679967483215	-0.21237357327738238	-0.2209010794131956
97.0	291.0	292.0	22000.0	-0.03498168875640317	-0.7019627511309237	-0.46773238486730406	-0.784501846054809	-0.4327506961109009	-0.08253909492388534	-0.20201319591506461	0.39162962631289844
97.0	291.0	293.0	22000.0	-0.4294775280587517	-0.29618204234340695	-0.07385130642842341	-1.2304833815246639	0.3556262216303283	-0.9343013391812569	-0.6700746418918726	-0.527509898714996
97.0	292.0	293.0	22000.0	-0.39709943360685074	0.28832483559957556	0.39388107843888065	-0.44598153546985486	0.7909805120457314	-0.7343063710694304	-0.468061445976808	-0.9191395250278944
98.0	294.0	295.0	12000.0	0.6495565302290869	-0.9549011345114486	0.49660380939349125	-0.7680309995989774	-0.15295272083559563	0.1868701349124713	0.15131724875114116	0.3072312397576198
98.0	294.0	296.0	12000.0	1.1907655013998975	-1.654006279921484	0.9368990301184112	-1.727888524795162	-0.2538664712814862	-0.073882244873678	0.4236709348400183	0.8094608417813873
98.0	295.0	296.0	12000.0	0.6340397003358529	-0.7177719006483452	0.44029522072492	-0.9598575251961847	-0.19374447961093288	-0.24208562454783955	0.2723536860888771	0.5022296020237675
99.0	297.0	298.0	11000.0	0.15350414174802562	0.27638612486570935	0.5529308279412817	0.47015269384337444	0.39942668619325605	0.1937665689776651	-0.49521496752642236	-0.8366076035269501
99.0	297.0	299.0	11000.0	-0.24720081135567895	0.6341180287687882	1.084435463958016	0.9046118229330204	1.331636275313695	0.27049379416423225	-0.9131908614012332	-0.8933122537382374
99.0	298.0	299.0	11000.0	-0.31229335582348305	0.30555887299676954	0.5315046360167344	0.434459129089646	0.8437979918402174	0.12890025609287648	-0.4179758938748108	-0.056704650211287344
