0.0	0.0	1.0	22000.0	-7.114328161599093	1.2305516388724662	-3.385354467140928	3.8948514748276466	3.7289736944581646	2.6642998359551804	1.4897284357432596	2.2664115569480288
0.0	0.0	2.0	22000.0	-9.812202243605778	2.714193410062916	-2.5113138004685425	5.9364328408867095	7.300888443137236	3.2222394308237936	2.340642297667216	2.4598238492442164
0.0	1.0	2.0	22000.0	-2.6956681003415683	1.4545323847177487	0.8740406666723857	2.041581366059063	3.569708767013954	0.5870489813413142	0.8509138619239565	0.19341229229618762
2.0	7.0	8.0	12000.0	-6.693897902865075	2.7442837649190377	-5.427051281906529	-2.464394288200765	1.266846620958546	-5.208678053119803	-0.37648161905777755	-6.226727189581311
3.0	9.0	10.0	21000.0	1.4557324675572847	2.4167771639419184	0.32943038080520637	5.673095774697231	-1.1263020867520783	3.2563186107553124	-0.44130793168490356	-0.5733702990701559
3.0	9.0	11.0	21000.0	0.9980472389542507	1.5849833442361811	-1.1468410427626168	5.473455619789547	-2.1448882817168675	3.888472275553366	-1.545924241649189	-2.5447770146747644
3.0	10.0	11.0	21000.0	-0.4219663345154183	-0.8325219173248115	-1.4762714235678231	-0.1996401549076836	-1.0543050890524048	0.6328817624171279	-1.1046163099642854	-1.9714067156046085
4.0	12.0	13.0	21000.0	-2.350802765535412	-0.45192721414163284	-2.300274097348165	0.7184554871660112	0.05052866818724677	1.170382701307644	-0.5385807645315168	-0.9721361180404173
4.0	12.0	14.0	21000.0	-2.06272088913866	0.8180312967009682	-3.2838241742010723	2.0732204539135637	-1.2211032850624122	1.2551891572125955	-0.727386045237651	-0.6030678484594816
4.0	13.0	14.0	21000.0	0.25449613667315507	1.1712306657894525	-0.9835500768529073	1.3547649667475525	-1.2380462135260624	0.18353430095810008	-0.18880528070613423	0.36906826958093575
5.0	15.0	16.0	12000.0	2.0350966302790248	0.11683580137781924	1.1185223885706819	-0.7747973369239389	-0.9165742417083429	-0.8916331383017582	-0.5507232467613932	0.057957442560201855
5.0	15.0	17.0	12000.0	5.8560506971436705	0.12061980053275523	3.5246608332631695	-0.9418661485453867	-2.331389863880501	-1.062485949078142	-1.7086510974989721	-1.4900646111184628
5.0	16.0	17.0	12000.0	3.834858198288499	0.020851916590989283	2.4061384446924876	-0.16706881162144782	-1.4287197535960114	-0.1879207282124371	-1.157927850737579	-1.5480220536786646
6.0	18.0	19.0	11000.0	-0.4827412778514102	-1.7161497644581694	-0.8675060209170624	-1.364401220060472	-0.3847647430656522	0.3517485443976973	1.686466385197619	1.6703801431913377
6.0	18.0	20.0	11000.0	-0.7326889154435898	-0.15915984350711554	-0.8793202981546528	0.18458310861001337	-0.14663138271106302	0.3437429521171289	2.663070204422368	3.1566721992407096
6.0	19.0	20.0	11000.0	-0.23277241188960485	1.4855368953299886	-0.011814277237590431	1.5489843286704854	0.22095813465201442	0.06344743334049685	0.9766038192247493	1.486292056049372
7.0	21.0	22.0	22000.0	0.7981437051601095	0.6337927711148659	0.5613338457311556	0.580117715808683	-0.23680985942895383	-0.053675055306182884	-0.6266074570491966	-0.3912822217031078
7.0	21.0	23.0	22000.0	0.013829181655742318	0.4194565552814984	-0.3741496165677063	-0.5794834495563919	-0.3879787982234486	-0.9989400048378902	-1.6822340402282805	-1.5118423681800337
7.0	22.0	23.0	22000.0	-0.7358488324058721	-0.1035015136453783	-0.9354834622988619	-1.1596011653650748	-0.19963462989298986	-1.0560996517196966	-1.0556265831790839	-1.120560146476926
8.0	24.0	25.0	12000.0	-1.1313331026627802	0.20966797995767728	-1.421381187972429	-0.11628237040758904	-0.29004808530964876	-0.3259503503652663	-0.29636646592078364	-0.9584282896426686
8.0	24.0	26.0	12000.0	-3.6651622054779835	0.40768403883406457	-4.185683900660933	2.18181920934353	-0.5205216951829499	1.7741351705094655	0.09029331931796492	0.03710500137488992
8.0	25.0	26.0	12000.0	-2.3788113241544444	0.17506694784126964	-2.7643027126885045	2.298101579751119	-0.38549138853406006	2.1230346319098494	0.38665978523874855	0.9955332910175585
9.0	27.0	28.0	21000.0	-1.7510194675551674	-1.8208244068836397	-1.4096000656722936	-1.9790399158587206	0.3414194018828738	-0.15821550897508097	-0.3014609406998616	-1.5701869284338628
9.0	27.0	29.0	21000.0	-5.134715233319344	-3.355887560552439	-6.108138310839877	-3.0757611753319907	-0.9734230775205326	0.2801263852204485	-0.1093298557288449	-0.7135369197430066
9.0	28.0	29.0	21000.0	-3.5235488856090296	-1.6550650096467407	-4.698538245167583	-1.09672125947327	-1.1749893595585537	0.5583437501734707	0.19213108497101672	0.8566500086908562
10.0	30.0	31.0	22000.0	1.446552153462684	1.8677869363720312	3.086143133492101	2.3144695916776072	1.6395909800294168	0.44668265530557605	0.2664683318645018	-0.07189940141282136
10.0	30.0	32.0	22000.0	-3.343477845059989	5.888535889224955	-0.5784051084483508	5.314894422501311	2.7650727366116383	-0.573641466723644	0.12986177384826192	0.15632911932542015
10.0	31.0	32.0	22000.0	-4.754331472978749	3.944016099555535	-3.6645482419404516	3.000424830823704	1.0897832310382976	-0.9435912687318311	-0.1366065580162399	0.2282285207382415
11.0	33.0	34.0	11000.0	-0.15823221116146158	0.34030961327536247	-0.4349066874390246	0.9321595918829644	-0.27667447627756303	0.5918499786076019	0.7428167467972742	0.7155835616060457
11.0	33.0	35.0	11000.0	-7.189868561756623	0.7625032376601215	-7.098762658180021	2.0972988291091497	0.09110590357660175	1.3347955914490282	0.18895323455261348	-0.6040265562909184
11.0	34.0	35.0	11000.0	-7.033195708056211	0.2605831375406824	-6.663855970740997	1.1651392372261853	0.3693397373152143	0.9045560996855029	-0.5538635122446607	-1.3196101178969641
13.0	39.0	40.0	12000.0	-0.09631437831456502	0.3072102011156179	-0.474161864388293	0.135269999652337	-0.377847486073728	-0.17194020146328093	-0.07630575547341323	-0.8797407306949552
13.0	39.0	41.0	12000.0	-0.5819217842910289	-0.23251296861462745	-0.6637847168263988	0.8304258339894659	-0.08186293253536991	1.0629388026040933	0.6723261479627141	0.7033049683347059
13.0	40.0	41.0	12000.0	-0.669800023359354	-0.7874535569378525	-0.18962285243810584	0.6951558343371289	0.4801771709212481	1.4826093912749814	0.7486319034361273	1.583045699029661
14.0	42.0	43.0	11000.0	1.541752952739862	-0.12616878937845843	1.0748833086709055	0.002855474134321412	-0.46686964406895637	0.12902426351277985	-0.6092737800101915	-0.40518671494015734
14.0	42.0	44.0	11000.0	2.8420193852228577	1.4826834593880331	3.5658026772264293	1.3029769833233331	0.7237832920035716	-0.17970647606470003	0.6546759821700903	1.497697063037073
14.0	43.0	44.0	11000.0	1.6314666199257042	1.651684651902209	2.4909193685555238	1.3001215091890117	0.8594527486298196	-0.35156314271319733	1.2639497621802818	1.9028837779772303
15.0	45.0	46.0	21000.0	-2.62315964936189	0.37306695186316574	-2.2066279320512194	1.1188079561329687	0.4165317173106704	0.7457410042698029	-1.0570476648957907	-0.6033433797934364
15.0	45.0	47.0	21000.0	-3.357889664653113	0.8441834482224575	-4.174411669911592	2.2050832638510656	-0.816522005258479	1.360899815628608	-3.369237674129252	-2.768728494977587
15.0	46.0	47.0	21000.0	-0.6117776030224	0.44167307941542866	-1.9677837378603726	1.0862753077180969	-1.3560061348379726	0.6446022283026682	-2.3121900092334613	-2.1653851151841508
16.0	48.0	49.0	11000.0	-0.6399031635907182	-0.02058138013339672	-1.7874402004107424	0.17915792180156132	-1.1475370368200242	0.19973930193495804	-0.8743256851204677	0.31373067000775023
16.0	48.0	50.0	11000.0	-1.8888826713108937	0.002118204805007906	-1.8700220162310188	0.33510908357720837	0.01886065507987489	0.33299087877220046	0.24894025849768298	1.0478032086142548
16.0	49.0	50.0	11000.0	-0.8229313029943972	0.09194376025433382	-0.08258181582027646	0.15595116177564705	0.7403494871741207	0.06400740152131323	1.1232659436181507	0.7340725386065046
17.0	51.0	52.0	22000.0	2.8612587617850282	-0.09569102655190775	2.3628519972687627	-0.5296720441256184	-0.49840676451626553	-0.43398101757371066	0.7343239090916995	1.7150178581538569
17.0	51.0	53.0	22000.0	3.526188668210253	-1.0917463451511074	2.8307627198275895	-1.365516586459762	-0.6954259483826633	-0.2737702413086547	1.8292103428961326	4.672785585021202
17.0	52.0	53.0	22000.0	0.7241124505528891	-0.9444357658245135	0.4679107225588268	-0.8358445423341436	-0.25620172799406227	0.10859122349036987	1.094886433804433	2.9577677268673455
18.0	54.0	55.0	21000.0	-0.5942908139748342	1.1370255683003307	-0.7645160835604656	1.7537949183383716	-0.17022526958563144	0.6167693500380409	-0.14152305205588078	0.21578873129624299
18.0	54.0	56.0	21000.0	-3.960791319148532	2.5834225493305247	-4.156569521903748	4.48802888920568	-0.19577820275521596	1.904606339875155	-0.4635860474729867	-0.9686420987882158
18.0	55.0	56.0	21000.0	-3.19540053208644	1.4455247073958821	-3.3920534383432823	2.734233970867308	-0.19665290625684229	1.288709263471426	-0.3220629954171059	-1.1844308300844588
19.0	57.0	58.0	12000.0	-2.770482090192658	1.096291621938005	-3.9049784965808385	0.8832121368839125	-1.1344964063881804	-0.21307948505409247	0.8009955804614464	1.4028227018400585
19.0	57.0	59.0	12000.0	-2.126038632677659	2.147060178575119	-3.984464571574108	2.641306494688706	-1.858425938896449	0.49424631611358727	-1.2153487954901507	-1.2912677485880195
19.0	58.0	59.0	12000.0	0.7331589733667112	1.082599179877608	-0.07948607499326954	1.7580943578047936	-0.8126450483599807	0.6754951779271856	-2.016344375951597	-2.694090450428078
20.0	60.0	61.0	21000.0	1.4332318440069676	-0.3714519119742423	0.9898206545703943	-0.31623456866941524	-0.4434111894365733	0.05521734330482708	0.23460607577097647	0.2880922096758525
20.0	60.0	62.0	21000.0	0.09840866065885834	0.45550194217519113	0.8374524102941905	1.887887591735307	0.7390437496353321	1.432385649560116	-0.868281774917314	-1.9716956917890869
20.0	61.0	62.0	21000.0	-1.3589402043106835	1.3108230720556353	-0.15236824427620377	2.2041221604047223	1.2065719600344798	0.893299088349087	-1.1028878506882904	-2.2597879014649394
21.0	63.0	64.0	22000.0	-3.6179293594710407	0.9087644220352287	-2.798284449684843	2.078878447341367	0.8196449097861978	1.1701140253061384	0.6162921897857743	2.7968725567312873
21.0	63.0	65.0	22000.0	-0.17811281151127112	1.37771591997035	-0.2951951578512535	0.9559455018804783	-0.11708234633998238	-0.4217704180898716	0.458375144856781	1.6587555646729726
21.0	64.0	65.0	22000.0	3.3868347836045993	0.6275757543234146	2.5030892918335894	-1.1229329454608887	-0.8837454917710099	-1.7505086997843033	-0.15791704492899328	-1.1381169920583147
22.0	66.0	67.0	11000.0	2.539330953910155	-0.1688833218867467	3.3283406832321134	1.215338146370641	0.7890097293219585	1.3842214682573877	1.1626900504304558	1.8427547740482524
22.0	66.0	68.0	11000.0	3.277106327349731	-0.15732974812577272	3.9684825899224734	0.03918048022978837	0.6913762625727422	0.1965102283555611	-1.4218717928320146	-0.9334334601368042
22.0	67.0	68.0	11000.0	0.5870933367533233	-0.0035948344960798906	0.64014190669036	-1.1761576661408526	0.05304856993703666	-1.1725628316447727	-2.5845618432624704	-2.7761882341850566
23.0	69.0	70.0	12000.0	0.2748571470702057	-0.03287997668438436	0.16511878070014063	0.6498821749694343	-0.10973836637006507	0.6827621516538187	0.33083040116977713	0.9829478213241174
23.0	69.0	71.0	12000.0	0.6878985190887992	-0.1148311110129594	2.205460492826205	1.243892354004629	1.517561973737406	1.3587234650175883	3.4726469368690402	4.457591794391206
23.0	70.0	71.0	12000.0	0.37158568758138255	-0.20922974073411282	2.0403417121260645	0.5940101790351946	1.668756024544682	0.8032399197693074	3.141816535699263	3.4746439730670886
24.0	72.0	73.0	21000.0	-0.223992253624254	0.22560275813737185	-0.4568259738625784	0.539570251136638	-0.23283372023832438	0.3139674929992662	2.0372867014425537	1.673315648316418
24.0	72.0	74.0	21000.0	0.1864875081253512	-0.064151015868946	-0.9552354441332227	0.08063201707568624	-1.141722952258574	0.14478303294463224	2.721085151197883	3.4388562304911616
24.0	73.0	74.0	21000.0	0.4880455476499135	-0.2212176451186485	-0.4984094702706443	-0.4589382340609518	-0.9864550179205578	-0.2377205889423033	0.6837984497553293	1.7655405821747436
25.0	75.0	76.0	11000.0	-0.08633607322036596	-0.32984558415781073	-0.6608673621666412	0.18869121933857969	-0.5745312889462753	0.5185368034963904	-0.8945930015761974	-0.2627384759756737
25.0	75.0	77.0	11000.0	-1.3172502118615883	-0.2836681182852594	-0.6839423964480602	0.7002424673373753	0.6333078154135281	0.9839105856226347	-1.7571475048735437	-2.0004611661294405
25.0	76.0	77.0	11000.0	-1.1360870883724132	0.3876759861298469	-0.023075034281418993	0.5115512479987956	1.1130120540909942	0.1238752618689487	-0.8625545032973463	-1.7377226901537668
26.0	78.0	79.0	12000.0	0.5825270831912981	1.144292702111808	1.3237771508520382	1.935359895857573	0.7412500676607401	0.7910671937457652	-1.0254064806181447	0.10540896540332767
26.0	78.0	80.0	12000.0	3.8839058041280294	1.869357114309011	4.421495602437176	4.12828374641208	0.5375897983091464	2.258926632103069	-2.3197837046355545	-1.0763616783609393
26.0	79.0	80.0	12000.0	3.186866000023863	0.8610072658075696	3.0977184515851377	2.1929238505545072	-0.08914754843872519	1.3319165847469376	-1.2943772240174098	-1.181770643764267
27.0	81.0	82.0	22000.0	-1.9115962573832563	1.3616735175188133	-1.2107453873654777	2.298603482463932	0.7008508700177787	0.9369299649451186	0.8738512236903944	0.847273848899583
27.0	81.0	83.0	22000.0	-2.188269042057456	2.31749471168542	-0.961227806598572	1.5257424354113027	1.2270412354588842	-0.7917522762741172	-0.47664664064805606	-0.15540047734050688
27.0	82.0	83.0	22000.0	-0.20763857016553633	0.8809799219611216	0.24951758076690567	-0.7728610470526291	0.457156150932442	-1.6538409690137508	-1.3504978643384504	-1.00267432624009
28.0	84.0	85.0	21000.0	3.9657103453680183	7.457129803886724	2.7402727339090234	5.0994306021286775	-1.2254376114589949	-2.357699201758047	-0.8190014206571519	0.7459023926149513
28.0	84.0	86.0	21000.0	5.884270621439477	14.171405782435091	3.18069747439813	9.753200982833278	-2.7035731470413467	-4.4182047996018134	-2.45103882841876	-2.571408987582984
28.0	85.0	86.0	21000.0	1.9098268256574933	6.6268938478558015	0.4404247404891066	4.6537703807046	-1.4694020851683867	-1.9731234671512015	-1.632037407761608	-3.3173113801979355
29.0	87.0	88.0	12000.0	-1.860951371208185	1.8454552316385762	0.7277028068940581	2.8739455345626084	2.588654178102243	1.0284903029240322	-1.5266402247074424	-2.4425045455837164
29.0	87.0	89.0	12000.0	-4.780215612352227	1.801524551004725	-2.038548394208078	6.179642513551244	2.7416672181441486	4.3781179625465185	0.7757029724711089	2.8230177684438473
29.0	88.0	89.0	12000.0	-2.7158673802867597	0.4110432321193871	-2.7662512011021363	3.3056969789886352	-0.05038382081537662	2.894653746869248	2.3023431971785513	5.265522314027564
30.0	90.0	91.0	22000.0	-0.005238770013640703	-0.06786641456322773	0.5645340449018477	0.1384318034149601	0.5697728149154884	0.20629821797818781	1.1010556133876932	1.674613694449846
30.0	90.0	92.0	22000.0	2.3868352027916186	0.11099619202831068	2.156681104796462	-1.0516488899204433	-0.23015409799515663	-1.162645081948754	1.027666251476532	1.5770317465439945
30.0	91.0	92.0	22000.0	2.7631729952299766	0.5027047631981816	1.5921470598946144	-1.1900806933354033	-1.1710259353353623	-1.692785456533585	-0.07338936191116119	-0.09758194790585151
31.0	93.0	94.0	11000.0	-0.21909317648563054	-0.3577770648995795	-0.7311231546124191	-0.16290023117608143	-0.5120299781267885	0.19487683372349807	1.12626556162747	0.9187705595620272
31.0	93.0	95.0	11000.0	-0.5432009399582327	0.12509881059496664	0.47527079717337983	1.4949164095185097	1.0184717371316125	1.369817598923543	0.2295033977294878	0.5815249834183689
31.0	94.0	95.0	11000.0	-0.12047186086331418	0.7888515229520312	1.206393951785799	1.6578166406945911	1.326865812649113	0.8689651177425599	-0.8967621638979821	-0.33724557614365835
32.0	96.0	97.0	21000.0	0.15336168627251467	0.1857237125018445	-0.19345661388865665	-2.2699582253799235	-0.3468183001611713	-2.455681937881768	-0.6343574880062164	-4.1021971132720125
32.0	96.0	98.0	21000.0	-2.215808715774193	1.6185119249278106	-2.549420861136241	-0.5769382451919682	-0.3336121453620482	-2.195450170119779	-1.957489852900217	-5.205928148276406
32.0	97.0	98.0	21000.0	-2.533110243475476	0.8767406864433758	-2.3559642472475844	1.6930199801879553	0.17714599622789162	0.8162792937445795	-1.3231323648940005	-1.1037310350043938
33.0	99.0	100.0	11000.0	-0.6811659676225581	1.4075686696359337	0.591642888872002	1.595827899103142	1.27280885649456	0.1882592294672083	-2.3223224371440097	-0.42941286778103915
33.0	99.0	101.0	11000.0	4.706195860816532	2.928118492918081	7.609787812870081	2.920395464500416	2.9035919520535494	-0.007723028417665034	-2.0947991655891727	-1.6721308571748423
33.0	100.0	101.0	11000.0	5.052067022669009	1.5052214127023342	7.018144923998079	1.324567565397274	1.9660779013290703	-0.1806538473050603	0.22752327155483698	-1.2427179893938032
34.0	102.0	103.0	12000.0	0.9614757990136766	1.7463024402700205	1.2723674372756477	2.2066422925590814	0.3108916382619711	0.46033985228906094	0.2907668260406666	0.25250704256883694
34.0	102.0	104.0	12000.0	6.00067057381436	3.577445001995984	5.857386133180285	0.33090466653038675	-0.14328444063407542	-3.246540335465597	-3.3911378383458413	-7.510884691142643
34.0	103.0	104.0	12000.0	5.104913612862851	1.927558220423328	4.585018695904637	-1.8757376260286946	-0.5198949169582141	-3.8032958464520226	-3.681904664386508	-7.7633917337114795
35.0	105.0	106.0	22000.0	3.3548600782286053	-0.9715186425113282	2.6455331848017067	-2.3542854554111727	-0.7093268934268986	-1.3827668128998445	0.018910741677629517	0.595362330445532
35.0	105.0	107.0	22000.0	1.3206228303827103	0.03795095212833832	2.470434129541445	-1.68241763347919	1.1498112991587348	-1.7203685856075284	0.856179144801601	1.3286703081862115
35.0	106.0	107.0	22000.0	-1.7230196130599005	1.0046742190072377	-0.1750990552602616	0.6718678219319827	1.5479205577996389	-0.33280639707525506	0.8372684031239714	0.7333079777406795
36.0	108.0	109.0	11000.0	3.098437608976573	3.898894583333613	1.1811098621476503	0.8505216587177529	-1.9173277468289225	-3.04837292461586	0.7237635900221804	-1.7631936506411492
36.0	108.0	110.0	11000.0	10.562315517303496	5.974096051505435	5.281708307499798	-0.44787259350800923	-5.280607209803698	-6.421968645013444	1.9977987038301208	1.3664113171150305
36.0	109.0	110.0	11000.0	7.285326227353583	1.6879446928139643	4.100598445352148	-1.298394252225762	-3.184727782001435	-2.9863389450397264	1.2740351138079404	3.1296049677561797
37.0	111.0	112.0	12000.0	-3.495891345635271	-5.1133349288142895	-3.506874296215642	-3.332595970791772	-0.010982950580371131	1.7807389580225177	0.5567688184772805	-0.1663157892474274
37.0	111.0	113.0	12000.0	-12.440130572515315	-6.576596046063347	-11.770138027456142	-1.380019917874506	0.6699925450591735	5.196576128188841	0.1326556522930602	-1.0173386216715414
37.0	112.0	113.0	12000.0	-8.854604802722882	-1.6115046892045282	-8.2632637312405	1.9525760529172658	0.5913410714823826	3.564080742121794	-0.42411316618422035	-0.851022832424114
38.0	114.0	115.0	21000.0	0.8870399476416049	2.02179104668424	1.7049480936277632	2.8019974459020887	0.8179081459861584	0.7802063992178487	1.7354028191904405	2.5852279358639976
38.0	114.0	116.0	21000.0	2.727064998456802	2.2828627866182023	3.2472172448788115	2.2666187833754066	0.5201522464220094	-0.016244003242795735	3.6839593005641404	3.624824491005164
38.0	115.0	116.0	21000.0	1.7881468083851964	0.2670458050208895	1.5422691512510482	-0.5353786625266821	-0.2458776571341481	-0.8024244675475716	1.9485564813737	1.0395965551411663
39.0	117.0	118.0	22000.0	1.0205887396507958	0.517137884272902	0.40397102085512415	0.0716390723580389	-0.6166177187956716	-0.44549881191486307	-0.27252644074309984	-0.7637234233312782
39.0	117.0	119.0	22000.0	1.293960241969363	-1.2747895339599662	0.8787621332519393	-1.9668776149258065	-0.4151981087174237	-0.6920880809658403	-0.5995126549763299	-1.4578385652406425
39.0	118.0	119.0	22000.0	0.2572834030671034	-1.4793582365787135	0.47479111239681515	-2.0385166872838454	0.21750770932971175	-0.5591584507051319	-0.32698621423323004	-0.6941151419093643
40.0	120.0	121.0	12000.0	-0.5457157469414602	-0.3743598923146836	-0.08220703279425834	0.3138837743128988	0.46350871414720185	0.6882436666275824	0.953048109867801	1.8134054506074762
40.0	120.0	122.0	12000.0	0.22298048936005976	0.9005841080989629	0.9816831567952704	2.2780996118176517	0.7587026674352106	1.3775155037186888	2.2348809685801214	2.7153068682332915
40.0	121.0	122.0	12000.0	1.0593213691467982	1.3969724657843736	1.0638901895895287	1.964215837504753	0.004568820442730548	0.5672433717203793	1.2818328587123204	0.9019014176258153
41.0	123.0	124.0	21000.0	-1.3313924697452846	-0.5195025000286781	-1.8788322685408048	-0.33334862731680914	-0.5474397987955202	0.186153872711869	-0.48523226185724866	-0.9215628348498512
41.0	123.0	125.0	21000.0	1.9535293923297736	-2.522134234600598	-1.7387398228901247	-1.3227457445316304	-3.6922692152198984	1.1993884900689675	-2.0056848838404875	0.10273618162970877
41.0	124.0	125.0	21000.0	3.235684508656698	-1.9195602505287637	0.14009244565068002	-0.9893971172148213	-3.095592063006018	0.9301631333139424	-1.5204526219832388	1.02429901647956
42.0	126.0	127.0	22000.0	1.9274639458826615	0.7825635657344003	3.125422442123977	1.4888626081337861	1.1979584962413155	0.7062990423993858	-0.026102694094198853	-0.6279957817873836
43.0	129.0	130.0	11000.0	-1.245274328977624	-12.788926544025376	-0.3597147263558327	-9.426150588224118	0.8855596026217913	3.3627759558012578	-0.3870331706488912	0.7969945040214057
43.0	129.0	131.0	11000.0	-0.43058185074818134	-21.616571666880084	2.269835528171484	-15.644080598215169	2.7004173789196653	5.972491068664915	-0.3368547533700905	0.9844839969901429
43.0	130.0	131.0	11000.0	1.135849853237623	-9.010456585997602	2.6295502545273166	-6.217930009991051	1.4937004012896935	2.7925265760065514	0.05017841727880068	0.18748949296873718
44.0	132.0	133.0	21000.0	-4.412870909402034	-8.85561934450988	-3.363118911031279	-5.714297084674399	1.0497519983707555	3.14132225983548	0.14412247321170923	1.418124710534208
44.0	132.0	134.0	21000.0	-6.930791597944007	-13.734455458668188	-6.148399500640835	-9.58394554720553	0.7823920973031724	4.150509911462658	-0.048798138094937826	0.7407964035934356
44.0	133.0	134.0	21000.0	-2.4534619722974256	-4.691778280792458	-2.785280589609556	-3.8696484625311314	-0.33181861731213047	0.8221298182613266	-0.19292061130664706	-0.6773283069407725
45.0	135.0	136.0	22000.0	-9.299095894286946	-0.8564798075191744	-7.169309773682016	3.265449502329602	2.1297861206049298	4.121929309848777	0.07352152747300522	0.07054600987729742
45.0	135.0	137.0	22000.0	-13.236516765539353	-4.0537986598492335	-12.771161295963566	-1.0513991967516176	0.4653554695757869	3.002399463097616	-0.2971489465111006	0.04151325129548411
45.0	136.0	137.0	22000.0	-3.9483211109283314	-3.1720239432997914	-5.6018515222815495	-4.31684869908122	-1.653530411353218	-1.1448247557814284	-0.3706704739841058	-0.02903275858181331
46.0	138.0	139.0	11000.0	4.354251117383708	0.37761675502394887	1.6955293969390368	-1.3287765522341033	-2.658721720444671	-1.7063933072580522	-1.0796568584448636	-1.9043929049632453
46.0	138.0	140.0	11000.0	10.164478734519701	1.9282420271278014	8.495160994560024	-0.5775819951691119	-1.669317739959677	-2.5058240222969133	-1.2181702523442368	-1.2509923526606528
46.0	139.0	140.0	11000.0	5.886772504072952	1.488082742137495	6.799631597620987	0.7511945570649914	0.9128590935480352	-0.7368881850725035	-0.13851339389937323	0.6534005523025925
48.0	144.0	145.0	12000.0	0.4799644658835813	0.8191854468440338	-0.1000233746080994	0.6169142322401058	-0.5799878404916807	-0.20227121460392805	0.039526951346424255	-0.3474264554329878
48.0	144.0	146.0	12000.0	-1.7538814047126277	1.0436550161686728	-2.2152238281983045	2.78350403225636	-0.4613424234856769	1.7398490160876872	-0.0295219484428344	-0.2913724347953348
48.0	145.0	146.0	12000.0	-2.197006497449256	0.17796498031364383	-2.115200453590205	2.1665898000162542	0.08180604385905088	1.9886248197026104	-0.06904889978925866	0.05605402063765297
49.0	147.0	148.0	22000.0	-2.181460007461685	-1.0940970022137986	-2.5748830030273666	6.433139105731698	-0.3934229955656816	7.527236107945496	-1.2654965457849556	7.455783749900405
49.0	147.0	149.0	22000.0	-2.995813799385407	-0.3329433032817537	-2.710765033878829	7.518471373396551	0.2850487655065779	7.851414676678305	-0.3533960054920797	10.855958719139714
49.0	148.0	149.0	22000.0	-0.7983181671364239	0.7505543880939722	-0.13588203085146233	1.0853322676648531	0.6624361362849616	0.3347778795708809	0.9121005402928759	3.400174969239309
50.0	150.0	151.0	21000.0	-1.3074259867260398	-0.5860745662980289	-1.450371961294877	0.48370160203626256	-0.1429459745688373	1.0697761683342915	2.204558301250387	2.0924616963501705
50.0	150.0	152.0	21000.0	-0.9228576076430439	-1.6713935550463965	-2.9231872887930876	-1.4023685882996233	-2.0003296811500437	0.26902496674677323	0.77214489423055	0.5135501880212487
50.0	151.0	152.0	21000.0	0.4020211503383173	-0.93659027868161	-1.4728153274982105	-1.8860701903358859	-1.8748364778365278	-0.9494799116542758	-1.4324134070198369	-1.5789115083289218
51.0	153.0	154.0	11000.0	5.003838963317704	-2.5015149930178326	4.044751273001566	-4.007648239923128	-0.9590876903161378	-1.5061332469052955	0.6405007494135901	0.8305224021525746
51.0	153.0	155.0	11000.0	5.663155160742971	-1.5514916189795667	6.683082115122033	-2.8319903187348245	1.0199269543790628	-1.2804986997552579	0.9779665508581346	1.2021752800562524
51.0	154.0	155.0	11000.0	0.6441489932950493	0.8880025871982333	2.6383308421204674	1.1756579211883036	1.9941818488254182	0.28765533399007026	0.3374658014445444	0.37165287790367785
52.0	156.0	157.0	22000.0	3.4611666717590417	1.8039446737160176	2.1889863665104485	0.7260221925869246	-1.2721803052485932	-1.077922481129093	0.3805274194367456	1.723630258191001
52.0	156.0	158.0	22000.0	6.039280055280385	6.555623208452438	5.361446126674991	3.8775985628412855	-0.677833928605394	-2.6780246456111527	1.2300161364737079	1.7915440439722872
52.0	157.0	158.0	22000.0	2.7010922521506986	4.7656217511991095	3.172459760164543	3.151576370254361	0.4713675080138442	-1.6140453809447486	0.8494887170369623	0.06791378578128615
53.0	159.0	160.0	11000.0	-7.583223384950159	-1.1298333228956432	-6.283117975395271	1.368818983822166	1.300105409554888	2.4986523067178092	-0.5207731782243741	-0.44647737154679135
53.0	159.0	161.0	11000.0	-3.6727539871182717	-0.3146455232181431	-0.9597092881463141	1.6116669401808394	2.7130446989719577	1.9263124633989825	-0.7249746207052539	-1.1846967557918333
53.0	160.0	161.0	11000.0	4.062408320778422	0.7673041769684321	5.323408687248957	0.2428479563586734	1.261000366470535	-0.5244562206097587	-0.2042014424808798	-0.738219384245042
54.0	162.0	163.0	21000.0	-4.834647281290068	-0.35617621882921746	-3.7397145481718326	0.9247686551298102	1.0949327331182355	1.2809448739590277	0.28314829522258833	0.805533415320518
54.0	162.0	164.0	21000.0	-2.7759583620544372	-1.4977904350437337	-3.7413067486800173	-0.9626840350192651	-0.9653483866255801	0.5351064000244685	-0.5338088432957946	-0.06488232027022178
54.0	163.0	164.0	21000.0	1.915368010718165	-1.1405573801751556	-0.0015922005081847601	-1.8874526901490754	-1.9169602112263497	-0.7468953099739197	-0.8169571385183829	-0.8704157355907398
55.0	165.0	166.0	12000.0	-0.5375684341776283	-0.6449441450986493	-0.3172485829652487	0.013529660216136108	0.22031985121237962	0.6584738053147854	0.2278864424306022	0.3324368817425807
55.0	165.0	167.0	12000.0	-1.4507082042195476	0.21722083374239975	-1.4092659185429284	2.4810337538865497	0.04144228567661923	2.26381292014415	-1.2107959389269283	-1.576591731685177
55.0	166.0	167.0	12000.0	-0.8169674033776779	0.7712653981629778	-1.0920173355776797	2.4675040936704136	-0.27504993220000173	1.6962386955074358	-1.4386823813575305	-1.9090286134277576
56.0	168.0	169.0	22000.0	2.795434265305084	0.5036961502476558	3.1379888181005526	-0.013543737478812545	0.34255455279546876	-0.5172398877264683	-0.07222175220684335	-0.3477833445125498
56.0	168.0	170.0	22000.0	4.4779096218994585	1.2306930876274667	5.242489538186874	-0.05208477063911232	0.7645799162874152	-1.282777858266579	0.5550490939608039	1.179753579636234
56.0	169.0	170.0	22000.0	1.6495930684474462	0.6573698560472607	2.104500720086321	-0.038541033160299776	0.4549076516388748	-0.6959108892075605	0.6272708461676473	1.5275369241487837
57.0	171.0	172.0	12000.0	5.114469695036761	-1.7520318672217847	3.4440764916505486	-4.095804257999589	-1.6703932033862126	-2.3437723907778043	0.12083018102948984	-1.363984487125613
57.0	171.0	173.0	12000.0	1.4571186202978303	-4.6594460335899175	-0.6246867805082275	-4.628015744209733	-2.081805400806058	0.03143028938018411	0.2308319038015867	-0.9234428822765821
57.0	172.0	173.0	12000.0	-3.7244838714670943	-2.992859456588514	-4.068763272158776	-0.5322114862101444	-0.34427940069168184	2.4606479703783695	0.11000172277209685	0.44054160484903093
58.0	174.0	175.0	21000.0	7.661490638507552	0.31693368304375547	7.173124453223636	-1.7100271678455101	-0.4883661852839163	-2.0269608508892656	-1.1583900035288366	-0.8751952892586772
58.0	174.0	176.0	21000.0	-2.0816036853159217	-0.5888673503220856	-0.038065911147668885	2.200473999818769	2.0435377741682528	2.7893413501408544	-2.588520186979082	-2.416354963036177
58.0	175.0	176.0	21000.0	-9.747646341382074	-0.916320859336861	-7.211190364371305	3.910501167664279	2.5364559770107693	4.82682202700114	-1.4301301834502453	-1.5411596737775
59.0	177.0	178.0	11000.0	-6.639162140539889	-2.708857865275453	-7.243076361898829	-1.1686222907737829	-0.6039142213589406	1.5402355745016703	-0.07186588574666075	-0.6730039529619845
59.0	177.0	179.0	11000.0	-5.4906557821640956	-2.916201680891425	-5.612670251887721	-2.118779360510416	-0.1220144697236254	0.7974223203810089	-0.07190646123856936	-0.6250410456607582
59.0	178.0	179.0	11000.0	1.0734759641431237	-0.2820852586639946	1.6304061100111085	-0.9501570697366333	0.5569301458679847	-0.6680718110726387	-4.0575491908612094e-05	0.04796290730122621
60.0	180.0	181.0	12000.0	1.0934665537925872	1.2082637341530198	0.8798348770725397	-1.1631893559704167	-0.21363167672004746	-2.3714530901234365	0.2597385303182165	-0.03802431267895656
60.0	180.0	182.0	12000.0	0.7281807608844195	1.4265318604686454	1.0383251568576952	0.3735031679957501	0.3101443959732757	-1.0530286924728953	0.22690733799490204	0.20740022861204466
60.0	181.0	182.0	12000.0	-0.3565302848927434	0.1777717164243322	0.1584902797851555	1.5366925239661668	0.5150205646778989	1.3589208075418346	-0.03283119232331444	0.24542454129100122
61.0	183.0	184.0	22000.0	1.0331384023709056	-0.7985484660492856	1.8336405043313562	-1.1483222896376901	0.8005021019604506	-0.3497738235884045	0.5300590838635486	1.0856747928749968
61.0	183.0	185.0	22000.0	3.5727788503886755	-3.2033147195087466	4.788553597789928	-5.180059808574242	1.2157747474012526	-1.9767450890654956	0.514242638422985	0.6666618465126817
61.0	184.0	185.0	22000.0	2.46056878802705	-2.5945182882328064	2.954913093458572	-4.031737518936552	0.49434430543152175	-1.4372192307037457	-0.015816445440563598	-0.4190129463623151
62.0	186.0	187.0	21000.0	-3.907228899882784	-2.0857010295613634	-6.341698661606756	-2.3214231216870758	-2.434469761723972	-0.23572209212571238	-0.26969206664286105	-0.7689829750491128
62.0	186.0	188.0	21000.0	-1.3699178437472792	-4.968596237749327	-7.142731404692313	-7.769352206693384	-5.772813560945034	-2.800755968944057	-0.970546411199166	-1.0736593758444428
62.0	187.0	188.0	21000.0	2.483662805225623	-2.949452348456461	-0.8010327430855568	-5.447929085006308	-3.2846955483111797	-2.498476736549847	-0.7008543445563049	-0.30467640079533
63.0	189.0	190.0	11000.0	2.300879175624229	1.28834513759303	2.7232334154824684	1.383436658416258	0.4223542398582394	0.09509152082322814	0.33540264477534976	1.7097913701602394
63.0	189.0	191.0	11000.0	9.004994163721687	4.58212970827566	10.694124540829307	2.5180547400204887	1.6891303771076203	-2.064074968255171	0.9852432236024669	0.7566992057152149
63.0	190.0	191.0	11000.0	6.7105458973930645	3.1410923563173103	7.970891125346839	1.1346180816042306	1.2603452279537741	-2.0064742747130797	0.6498405788271171	-0.9530921644450245
64.0	192.0	193.0	11000.0	-0.4559651928787112	7.831832731040856	-1.3084005693502831	7.019289937401027	-0.852435376471572	-0.8125427936398291	1.0289563317033625	1.0391928132247727
64.0	192.0	194.0	11000.0	-6.160471716951369	25.622374323270463	-6.977239077616559	24.052768855413433	-0.8167673606651906	-1.5696054678570306	2.2295896690357395	2.2294202491406736
64.0	193.0	194.0	11000.0	-5.773572517296384	17.863754821389108	-5.668838508266276	17.033478918012406	0.10473400903010788	-0.8302759033767018	1.200633337332377	1.1902274359159009
65.0	195.0	196.0	22000.0	1.0324090739714151	-2.5926396449438247	0.9712668798372306	-2.359610701141264	-0.061142194134184535	0.23302894380256056	0.9496698829264858	0.8483394374246132
65.0	195.0	197.0	22000.0	3.0776305994823225	-5.073293255809402	2.066218308918451	-5.539752701048997	-1.0114122905638716	-0.4664594452395949	1.2319430212776439	1.2706407916679652
65.0	196.0	197.0	22000.0	2.012241082811305	-2.5636302675457863	1.0949514290812203	-3.1801419999077325	-0.9172896537300845	-0.6165117323619462	0.2822731383511581	0.422301354243352
66.0	198.0	199.0	21000.0	-3.170532047704901	-1.1489210852936997	-2.86030531947722	-0.5398867585502103	0.31022672822768094	0.6090343267434895	1.4638491776897666	1.2545659946818901
66.0	198.0	200.0	21000.0	-5.787267995176625	-3.2745883626457903	-5.1556771111318085	-1.0817268888067701	0.6315908840448161	2.19286147383902	3.219172459810082	2.7851279317106403
66.0	199.0	200.0	21000.0	-2.5605176856003666	-2.134052700865812	-2.2953717916545884	-0.5418401302565599	0.26514589394577825	1.5922125706092523	1.7553232821203153	1.5305619370287502
67.0	201.0	202.0	12000.0	1.2977225109372892	0.30641281353780236	0.5501764197400689	0.5005297370059907	-0.7475460911972203	0.19411692346818832	-0.7328921801415476	-0.6156816515339045
67.0	201.0	203.0	12000.0	-0.9809163832005083	-0.8619210398685535	-1.807504866550289	1.3983989082446442	-0.8265884833497807	2.2603199481131977	-2.8690628690035567	-2.598662531157558
67.0	202.0	203.0	12000.0	-2.269314221105752	-1.0765905137162735	-2.357681286290358	0.8978691712386535	-0.08836706518460602	1.974459684954927	-2.136170688862009	-1.9829808796236534
68.0	204.0	205.0	22000.0	2.1880690786231565	0.06492394685193048	1.8844228909883896	-0.7878250378948906	-0.3036461876347669	-0.852748984746821	0.010289757331634064	-0.4240363450849216
68.0	204.0	206.0	22000.0	5.582887277808454	-6.91213841609012	6.221737852246179	-7.176518988552743	0.6388505744377246	-0.26438057246262314	0.004340459349606363	-0.07595663727338575
68.0	205.0	206.0	22000.0	3.378043893900748	-6.9962270319668205	4.337314961257789	-6.388693950657853	0.959271067357041	0.6075330813089677	-0.0059492979820277014	0.34807970781153585
69.0	207.0	208.0	11000.0	2.79561840825584	-5.106401070821993	2.61945391569418	-5.971862077100695	-0.1761644925616599	-0.8654610062787027	0.5728053158103634	2.1292818864835112
69.0	207.0	209.0	11000.0	4.301732881439876	-9.462201825538024	5.054821830057676	-9.747256797581485	0.7530889486178003	-0.2850549720434614	1.4442675401506264	2.14934571970592
69.0	208.0	209.0	11000.0	1.5503323071804775	-4.269905682173167	2.4353679143634963	-3.77539472048079	0.8850356071830188	0.4945109616923773	0.871462224340263	0.02006383322240879
70.0	210.0	211.0	12000.0	2.613297094582002	0.42752818717430596	3.21842009219813	0.08425437812820746	0.6051229976161281	-0.3432738090460985	0.18743651713535314	0.13038296352416268
70.0	210.0	212.0	12000.0	5.927875163522645	-1.5547566095437526	6.708828850486157	-0.7794073722384383	0.7809536869635112	0.7753492373053144	0.7304196792605779	1.0882883452655108
70.0	211.0	212.0	12000.0	3.3006379026882193	-1.9504070355457452	3.4904087582880265	-0.8636617503666457	0.18977085559980722	1.0867452851790995	0.5429831621252248	0.9579053817413481
71.0	213.0	214.0	21000.0	-1.6921578527196317	-0.5003872304575498	-1.080889948003346	0.285030322271723	0.6112679047162857	0.7854175527292728	0.20026306247584102	-0.43129183125549275
71.0	213.0	215.0	21000.0	-4.557705044572146	-0.5672427103644333	-4.143681501768697	0.8092552597740905	0.41402354280344955	1.3764979701385238	-0.037224127890318925	-0.7807931412248266
71.0	214.0	215.0	21000.0	-2.9369953717345405	-0.14265809362979986	-3.0627915537653507	0.5242249375023675	-0.12579618203081022	0.6668830311321674	-0.23748719036615995	-0.3495013099693338
72.0	216.0	217.0	21000.0	6.688774318011172	3.18658987851817	5.483947988591012	1.4237643608696544	-1.2048263294201593	-1.7628255176485155	-0.09233533482746736	0.05153447145068668
72.0	216.0	218.0	21000.0	4.394287710117123	4.818771275601087	4.539776526916626	5.35184161510756	0.14548881679950298	0.5330703395064731	0.6193060214510666	0.6628633214207653
72.0	217.0	218.0	21000.0	-2.218084528310224	1.6953048034486065	-0.9441714616743866	3.9280772542379054	1.2739130666358376	2.232772450789299	0.711641356278534	0.6113288499700786
73.0	219.0	220.0	12000.0	-2.298921629838641	5.425745697238722	-2.9650752967806966	5.464228833165635	-0.6661536669420558	0.03848313592691266	0.3690980390386045	1.4372496789605194
73.0	219.0	221.0	12000.0	-8.749658678628323	8.861735197371019	-9.92876674012905	9.92322341680483	-1.1791080615007257	1.0614882194338122	0.5001801728419579	1.0037840679950847
73.0	220.0	221.0	12000.0	-6.452655741420222	3.4401666515863667	-6.9636914433483525	4.458994583639196	-0.5110357019281304	1.0188279320528295	0.13108213380335343	-0.4334656109654347
74.0	222.0	223.0	11000.0	-1.8602812541139748	-0.5454128091863204	-1.9526639890520983	0.19213138932536822	-0.09238273493812343	0.7375441985116886	-0.026002972352813458	0.05914869236606535
74.0	222.0	224.0	11000.0	-6.15384447109109	-1.6557676213970458	-5.944508910120248	0.3190632586974971	0.2093355609708416	1.9748308800945429	-0.7940553266269177	-0.5955464911462229
74.0	223.0	224.0	11000.0	-4.2277311392751376	-1.1226756372683484	-3.99184492106815	0.12693186937212886	0.2358862182069874	1.2496075066404773	-0.7680523542741042	-0.6546951835122883
75.0	226.0	227.0	22000.0	-7.008629019453306	0.9026934116922369	-7.467502652965322	2.089374413760879	-0.4588736335120167	1.1866810020686422	1.4490366410165478	0.9652212203076331
76.0	229.0	230.0	11000.0	0.07780134539125072	-1.0303256977078066	0.271980847808436	-1.9028449487627768	0.1941795024171853	-0.8725192510549702	0.321418765463946	-0.21903665039047127
77.0	231.0	232.0	21000.0	-0.3188711247356064	1.1155668312007903	-0.4558473159447658	2.0933878284010916	-0.13697619120915938	0.9778209972003014	-0.593767793699655	0.3086797624617361
77.0	231.0	233.0	21000.0	-5.432646506033451	1.2078604356512805	-6.5869650533031745	2.721960395180986	-1.1543185472697237	1.5140999595297053	-2.1435813424319647	-2.3916862399760888
77.0	232.0	233.0	21000.0	-5.070566904474484	0.05679133363597533	-6.131117737358409	0.6285725667798943	-1.0605508328839246	0.5717812331439189	-1.5498135487323097	-2.700366002437825
78.0	234.0	235.0	12000.0	5.224028633226928	-0.17541525126109292	4.621582462216679	-2.9832382119429894	-0.6024461710102491	-2.8078229606818965	1.140783534375636	1.310335157783932
78.0	234.0	236.0	12000.0	14.964820265373833	-0.88429113968823	14.097352096462373	-6.395629125369851	-0.8674681689114596	-5.511337985681621	2.6311034429714866	2.9890596170538046
78.0	235.0	236.0	12000.0	9.724224923902344	-0.6502530148666512	9.475769634245694	-3.4123909134268615	-0.24845528965665054	-2.7621378985602103	1.4903199085958505	1.6787244592698727
79.0	237.0	238.0	22000.0	2.2144180263071744	0.26160900970085343	2.2879486749810667	-0.0548564076339062	0.07353064867389225	-0.31646541733475964	-0.5070021408924745	-0.7951562039729296
79.0	237.0	239.0	22000.0	2.32413117902618	0.1834150862459456	2.1284556724405093	-1.582035647815701	-0.1956755065856708	-1.7654507340616465	-1.4592132066868473	-2.13544130185047
79.0	238.0	239.0	22000.0	0.08302099242594085	-0.06927747545949003	-0.15949300254055743	-1.5271792401817947	-0.24251399496649828	-1.4579017647223047	-0.9522110657943728	-1.3402850978775405
80.0	240.0	241.0	12000.0	0.6803156204767467	-9.017086878818013	0.3054666403597821	-8.522672352735981	-0.37484898011696455	0.49441452608203207	0.9424974282247973	1.0394526469915633
80.0	240.0	242.0	12000.0	0.7505126616151845	-10.449382453575588	0.2727115619577489	-8.71788548304221	-0.47780109965743556	1.731496970533378	2.7846619173445077	3.011079323801418
80.0	241.0	242.0	12000.0	0.0017772161106677231	-1.4385947567646813	-0.03275507840203318	-0.19521313030622878	-0.0345322945127009	1.2433816264584525	1.8421644891197104	1.971626676809855
81.0	243.0	244.0	21000.0	-1.026177997821911	-8.425991075768199	-0.07479150471954199	-6.259904106905651	0.951386493102369	2.1660869688625475	-0.2665272756014119	-0.45184872865670656
81.0	243.0	245.0	21000.0	1.7824972958622078	-10.582461596979051	2.4625309043606194	-9.150952769498417	0.6800336084984115	1.4315088274806342	-1.5243911110810302	-1.4216534705437454
81.0	244.0	245.0	21000.0	2.7821599083500086	-2.113514481422097	2.5373224090801614	-2.891048662592766	-0.24483749926984721	-0.7775341811706689	-1.2578638354796183	-0.9698047418870388
83.0	249.0	250.0	11000.0	1.2007372455098624	1.5402167412631007	1.9609516814493873	1.153448664573034	0.7602144359395249	-0.38676807669006674	1.0259276701175466	0.9851808890049227
83.0	249.0	251.0	11000.0	0.6610993600940311	2.0181870128562736	3.2807351972701326	2.265411418579106	2.6196358371761015	0.24722440572283233	1.622900499130182	1.9901772534756716
83.0	250.0	251.0	11000.0	-0.45170133770808807	0.4595050135168748	1.3197835158207454	1.111962754006072	1.7714848535288334	0.6524577404891971	0.5969728290126355	1.004996364470749
84.0	252.0	253.0	22000.0	2.382417875407418	1.7434308869748634	1.507725593394298	0.5752486078438324	-0.87469228201312	-1.168182279131031	0.39897975160960186	1.148706711383177
84.0	252.0	254.0	22000.0	1.7655558021677216	3.023186242779901	1.5161885434547457	2.144842496749561	-0.24936725871297583	-0.8783437460303398	0.9264283346922468	1.6300599272806053
84.0	253.0	254.0	22000.0	-0.5848415932719888	1.3087541990562652	0.008462950060447838	1.5695938889057288	0.5933045433324367	0.2608396898494636	0.527448583082645	0.4813532158974283
85.0	255.0	256.0	11000.0	-0.7565823767578346	0.16226553421288692	-0.3115730766787692	1.2729617667553157	0.44500930007906536	1.1106962325424288	0.5030460398867547	0.9717774970545534
85.0	255.0	257.0	11000.0	0.24431317924189155	-1.2013228612422449	1.7135591556275358	-0.6864864270760336	1.4692459763856442	0.5148364341662113	1.2498345610539516	1.5045388149218084
85.0	256.0	257.0	11000.0	1.139442444606864	-1.5309303919445867	2.025132232306305	-1.9594481938313493	0.885689787699441	-0.4285178018867626	0.746788521167197	0.532761317867255
86.0	258.0	259.0	21000.0	0.3612007817701377	0.053547914552178	-0.07767159230593279	-0.07533751532355382	-0.4388723740760705	-0.12888542987573182	-0.2888935121073928	0.4818782749980812
86.0	258.0	260.0	21000.0	3.2778048688431873	0.5717569549919146	1.921547421691571	-0.4442879088912832	-1.3562574471516164	-1.0160448638831978	-0.04862977713882799	1.143014190983891
86.0	259.0	260.0	21000.0	2.5134310595913067	0.36205919579393786	1.9992190139975037	-0.3689503935677294	-0.5142120455938031	-0.7310095893616673	0.2402637349685648	0.6611359159858097
87.0	261.0	262.0	12000.0	1.2569918968518987	3.091351410869092	1.6400001194849665	3.6586886666812006	0.3830082226330678	0.5673372558121086	0.31907848173534603	1.8775524246814115
87.0	261.0	263.0	12000.0	1.3201410225359629	13.145131489589176	0.5987276578302954	13.327924915663061	-0.7214133647056675	0.1827934260738857	0.1559145056067308	1.1472274266360856
87.0	262.0	263.0	12000.0	0.06367983746184258	9.790895317908273	-1.0412724616546711	9.66923624898186	-1.1049522991165137	-0.12165906892641232	-0.16316397612861522	-0.7303249980453259
88.0	264.0	265.0	11000.0	6.4355317241611205	1.0704686562375034	3.7192857875329537	-1.1201537558613381	-2.716245936628167	-2.1906224120988416	-0.2642617128422202	-0.46246462355324525
88.0	264.0	266.0	11000.0	6.621892984270186	2.0902492155822427	5.753007986047578	-0.12296952415522355	-0.8688849982226081	-2.2132187397374663	0.5613075743238483	0.386117695470908
88.0	265.0	266.0	11000.0	0.19908223301405048	0.839448531019725	2.0337221985146243	0.9971842317061146	1.8346399655005738	0.15773570068638954	0.8255692871660685	0.8485823190241533
89.0	267.0	268.0	12000.0	4.768956568274255	3.7017989920808594	4.047543673487098	1.8028589649172773	-0.7214128947871572	-1.8989400271635821	1.2317776666058933	0.9251912848323087
89.0	267.0	269.0	12000.0	9.46626562019766	5.778752527037169	8.36229027656691	3.5020311535122346	-1.1039753436307507	-2.2767213735249348	1.0398450213967436	1.4312183387270423
89.0	268.0	269.0	12000.0	4.815709620959426	2.396996472956185	4.314746603079811	1.6991721885949573	-0.5009630178796147	-0.6978242843612277	-0.19193264520914965	0.5060270538947336
90.0	270.0	271.0	21000.0	-3.576718326318045	-0.3734677540122586	-2.6425125120888424	1.9496615679454408	0.9342058142292027	2.3231293219576994	0.7640009419098774	1.3978882776876134
90.0	270.0	272.0	21000.0	-2.272397289977202	-1.241812263915878	-3.206364081004949	-0.5522648355931778	-0.9339667910277472	0.6895474283227001	-1.4997961068773122	-2.0690586846314503
90.0	271.0	272.0	21000.0	1.3707835916681113	-1.1609150774008805	-0.5638515689161068	-2.5019264035386186	-1.934635160584218	-1.341011326137738	-2.2637970487871897	-3.4669469623190636
91.0	273.0	274.0	22000.0	0.9833648717710712	-2.7233248579348324	0.7885706455957688	-1.8816554429060943	-0.1947942261753024	0.841669415028738	-0.3152740014312343	1.2421215375406192
91.0	273.0	275.0	22000.0	1.0184010477748568	-5.466352280165618	1.4138322649215525	-5.626995559750185	0.3954312171466956	-0.16064327958456648	0.22982865029153032	0.6306507381381152
91.0	274.0	275.0	22000.0	0.07498066569983486	-2.457715514738682	0.6252616193257836	-3.7453401168440905	0.5502809536259488	-1.2876246021054083	0.5451026517227646	-0.6114707994025039
92.0	276.0	277.0	21000.0	-1.0069541992904325	1.7889629980949353	-0.7899551685195547	2.442304177013739	0.2169990307708778	0.6533411789188035	0.9690694951901335	1.6782196539564893
92.0	276.0	278.0	21000.0	-2.1867696943007715	4.170729480409266	-2.44819517303506	4.679091239006539	-0.2614254787342887	0.5083617585972728	1.6974332194966877	3.121420223584586
92.0	277.0	278.0	21000.0	-1.1667619550437198	2.188441985434749	-1.6582400045155055	2.2367870619928	-0.49147804947178564	0.04834507655805087	0.7283637243065542	1.4432005696280967
93.0	279.0	280.0	22000.0	0.19315862644088355	1.5643309634870528	-0.46267845238867267	0.6482567914158608	-0.6558370788295562	-0.916074172071192	-1.145224277650314	-0.6806184227515004
93.0	279.0	281.0	22000.0	1.7507687046070926	5.052679374077104	0.4595552185393217	2.8126454586595173	-1.2912134860677709	-2.2400339154175866	-2.3092699757134696	-2.6808337909383937
93.0	280.0	281.0	22000.0	1.516608715840909	3.3667774944250626	0.9222336709279944	2.1643886672436565	-0.5943750449129146	-1.202388827181406	-1.1640456980631555	-2.0002153681868933
94.0	282.0	283.0	12000.0	2.785401429801423	-0.19543641390081934	1.9537254298122662	-2.124065145538225	-0.831675999989157	-1.9286287316374056	0.09436448383620188	-1.687270250882797
94.0	282.0	284.0	12000.0	2.8877383718733096	0.2651024636357251	1.9719351253124842	-1.071519628429769	-0.9158032465608255	-1.336622092065494	0.5840938896822792	-2.118128885747659
94.0	283.0	284.0	12000.0	0.034620545049363294	0.3377767555581652	0.018209695500218004	1.052545517108456	-0.01641084954914529	0.7147687615502907	0.48972940584607727	-0.43085863486486176
95.0	285.0	286.0	11000.0	1.603601752857431	4.958684325084188	0.11604397640473962	3.04996816345556	-1.4875577764526913	-1.908716161628628	0.12371070923092731	0.08164109456764379
95.0	285.0	287.0	11000.0	-3.152925352660274	2.401953271171192	-4.18176037162425	1.2853896605313366	-1.0288350189639761	-1.1165636106398553	0.9246021490978293	2.0965187902441755
95.0	286.0	287.0	11000.0	-4.913947030946675	-2.4426875434798365	-4.29780434802899	-1.7645785029242234	0.616142682917685	0.6781090405556132	0.800891439866902	2.0148776956765317
96.0	288.0	289.0	12000.0	0.8382472137768051	1.1125176519367583	-0.31732545012187074	0.839427941960821	-1.1555726638986759	-0.2730897099759373	-0.7205532182592762	-0.2841304575275956
96.0	288.0	290.0	12000.0	5.0998046079622394	3.3178024227755296	3.4563629176955146	3.1072879268003817	-1.6434416902667248	-0.21051449597514793	0.5323162995351822	1.0374199683441034
96.0	289.0	290.0	12000.0	4.229901840440746	1.9795426869763357	3.7736883678173854	2.2678599848395606	-0.45621347262336087	0.2883172978632249	1.2528695177944584	1.321550425871699
97.0	291.0	292.0	11000.0	-2.097309761055178	-0.5098974276593875	-2.3397456818684077	-1.3648357959491477	-0.24243592081322962	-0.8549383682897602	-1.6194587267949458	-3.860908471597078
97.0	291.0	293.0	11000.0	-2.543336411542098	2.5509518468385046	-2.872500575012964	1.8147694424692418	-0.32916416347086574	-0.7361824043692629	-1.3771371425964531	-4.579534842826213
97.0	292.0	293.0	11000.0	-0.5949443220309076	2.805546823351431	-0.5327548931445563	3.1796052384183895	0.06218942888635137	0.37405841506695836	0.2423215841984927	-0.718626371229135
98.0	294.0	295.0	22000.0	-5.5178506384361885	-0.23722330542873227	-4.130201067775715	-0.5754662796514367	1.3876495706604732	-0.33824297422270444	-0.6978154137110266	-4.506047176791789
98.0	294.0	296.0	22000.0	-13.154799459336905	-2.0160394889353634	-11.973352724390566	-1.201477256588987	1.1814467349463396	0.8145622323463764	-1.3563722071247355	-3.928438382688398
98.0	295.0	296.0	22000.0	-7.93685575559611	-1.7761934796638341	-7.84315165661485	-0.6260109769375504	0.09370409898125942	1.1501825027262838	-0.6585567934137089	0.5776087941033907
99.0	297.0	298.0	21000.0	0.2847261581076914	-1.281709919762302	0.192129855105577	1.3521413339583432	-0.09259630300211441	2.6338512537206453	-0.21632131757725404	3.129183853885287
99.0	297.0	299.0	21000.0	2.164784226073258	-1.6954559383330885	0.9982343179210602	-0.7575962513601553	-1.1665499081521977	0.9378596869729332	-0.7078166793665872	-1.1218862223732415
99.0	298.0	299.0	21000.0	2.005169229700214	-0.4263149241616784	0.8061044628154832	-2.1097375853184985	-1.1990647668847307	-1.6834226611568202	-0.4914953617893332	-4.251070076258529
