0.0	0.0	1.0	21000.0	-0.012480848098773478	-2.808284611946797	0.08345769409061177	-2.6727193263272966	0.09593854218938525	0.1355652856195002	-0.26604381850398795	-0.6070722276774774
0.0	0.0	2.0	21000.0	-1.8398233093583434	-6.485265328495748	-2.352683699836689	-6.313058762166293	-0.5128603904783455	0.1722065663294554	-1.0007911234981464	-1.1995315622750695
0.0	1.0	2.0	21000.0	-1.864485272668892	-3.748383001896044	-2.4361413939273007	-3.640339435838996	-0.5716561212584086	0.10804356605704779	-0.7347473049941584	-0.5924593345975921
1.0	3.0	4.0	11000.0	-2.72542135350641	-3.4481636157367577	-2.714552369331159	-3.3047495688165327	0.01086898417525095	0.14341404692022497	0.9397752473896901	1.1764953673760488
1.0	3.0	5.0	11000.0	-3.8714908092256177	-6.0401476786725405	-2.7947185989119134	-5.879309078282404	1.0767722103137043	0.16083860039013675	1.931597297832127	1.7613740874272565
1.0	4.0	5.0	11000.0	-1.1080384872209708	-2.68123740177517	-0.08016622958075459	-2.574559509465871	1.0278722576402162	0.1066778923092988	0.9918220504424369	0.5848787200512078
2.0	6.0	7.0	21000.0	-1.1530549149179645	-3.143141260095055	-1.303741944725516	-3.711130229026594	-0.15068702980755155	-0.5679889689315392	0.5812311343175907	0.40493171631086966
2.0	6.0	8.0	21000.0	-0.1685246844516186	4.488001851584843	-0.5263404856827947	5.128834463516455	-0.35781580123117607	0.6408326119316117	-0.48989261219901437	-0.5989982819891253
2.0	7.0	8.0	21000.0	0.9627734026858468	7.632545007122626	0.7774014590427214	8.839964692543049	-0.18537194364312537	1.2074196854204224	-1.071123746516605	-1.003929998299995
3.0	9.0	10.0	22000.0	-0.2129838363876866	1.1899380977974747	-0.11145102033128751	1.408513232724772	0.10153281605639908	0.2185751349272973	0.4402878792984666	0.40477323640352836
3.0	9.0	11.0	22000.0	-1.3592257580805303	-0.5489682705363474	0.7825698850326717	-1.4402177449719602	2.141795643113202	-0.8912494744356128	0.40873331296086235	0.16094571072149222
3.0	10.0	11.0	22000.0	-1.1085266655697668	-1.7606725398129823	0.8940209053639592	-2.8487309776967322	2.002547570933726	-1.08805843788375	-0.03155456633760423	-0.24382752568203614
4.0	12.0	13.0	12000.0	-1.3643851316159417	0.7262925053256133	-0.9620206563270131	1.3872544414961112	0.4023644752889286	0.6609619361704979	0.0727493211044532	0.1871045330830583
4.0	12.0	14.0	12000.0	-1.4944314435217656	0.7964465240372993	-1.0411681019108983	1.649625356822071	0.45326334161086734	0.8531788327847716	0.5853429940690376	0.2773399307346551
4.0	13.0	14.0	12000.0	-0.11759370999670171	0.10985810131479123	-0.0791474455838852	0.2623709153259597	0.03844626441281651	0.15251281401116845	0.5125936729645844	0.09023539765159683
5.0	15.0	16.0	11000.0	-5.769702064898552	14.333677593297114	-5.4795508229703955	14.354229782233574	0.29015124192815644	0.020552188936459714	0.2580436736573972	0.0439180342145562
5.0	15.0	17.0	11000.0	-24.78746181413335	37.11685833745176	-22.35036582616931	38.170646019878404	2.4370959879640424	1.0537876824266448	0.6896486624680875	-0.08116283670334212
5.0	16.0	17.0	11000.0	-19.030615567352925	22.76900021452918	-16.870815003198913	23.81641623764483	2.1598005641540112	1.0474160231156517	0.4316049888106903	-0.12508087091789832
6.0	18.0	19.0	22000.0	0.7483528346522474	-1.5416474092072372	1.1299379326392227	-1.3202575898729947	0.38158509798697526	0.2213898193342425	0.21440263240771174	0.3550184083103858
6.0	18.0	20.0	22000.0	0.8917932549784746	-2.020031326860808	1.9015384740037007	-1.751179084719979	1.009745219025226	0.26885224214082903	0.4878803634083937	0.7669779817615279
6.0	19.0	20.0	22000.0	0.015411725901252282	-0.4022914625338183	0.771600541364478	-0.4309214948469844	0.7561888154632257	-0.028630032313166076	0.27347773100068196	0.4119595734511421
7.0	21.0	22.0	21000.0	-0.7600337237863073	-1.7025677428791903	4.652965879271505	-0.7909727380229015	5.412999603057813	0.9115950048562889	1.1942981509924948	1.2956794627284012
7.0	21.0	23.0	21000.0	3.6580907735694765	-0.2917348444111978	8.802147118511584	0.8510242443503557	5.144056344942108	1.1427590887615535	1.6860101974177866	2.0140440291306163
7.0	22.0	23.0	21000.0	4.251818664130672	1.5151078445092976	4.149181239240079	1.6419969823732572	-0.10263742489059346	0.1268891378639596	0.49171204642529176	0.7183645664022151
8.0	24.0	25.0	12000.0	0.17723137300556502	3.0650174065630003	0.37334366947743547	3.428207887622648	0.19611229647187045	0.3631904810596476	0.19137155795453964	-0.3808949044119885
8.0	24.0	26.0	12000.0	0.822792931999321	4.36526900267217	1.174494484009756	4.68406411507749	0.35170155201043496	0.3187951124053203	-0.1396506433274851	-0.6160552937462143
8.0	25.0	26.0	12000.0	0.5980794076117384	1.3076128845946524	0.8011508145323205	1.2558562274548422	0.20307140692058212	-0.05175665713981026	-0.33102220128202475	-0.23516038933422578
9.0	27.0	28.0	22000.0	-0.31004402192684477	-1.9566958749773367	-0.4836997203933606	-2.111768924776925	-0.17365569846651585	-0.15507304979958825	0.49051138772291836	0.6383680403725407
9.0	27.0	29.0	22000.0	-1.0787704985862856	-1.0824153010008732	-1.4214144795705579	-1.884047713447444	-0.3426439809842723	-0.8016324124465708	1.3180986394200147	1.4534491000172665
9.0	28.0	29.0	22000.0	-0.8230572699341971	0.8465318675441713	-0.9377147591771973	0.22772121132948087	-0.11465748924300012	-0.6188106562146904	0.8275872516970963	0.8150810596447258
10.0	30.0	31.0	12000.0	2.1954254260685255	-1.3689421233450823	2.0320939499320048	-1.538139565887036	-0.16333147613652077	-0.1691974425419538	0.18362599618387776	0.5154667229569156
10.0	30.0	32.0	12000.0	3.1500959716196597	-3.7665550922075663	3.29530408836672	-2.8272256443077595	0.14520811674706025	0.9393294478998069	0.7387367394723867	1.018024638919556
10.0	31.0	32.0	12000.0	0.9036977703845404	-2.302244421167087	1.2632101384347152	-1.2890860784207234	0.35951236805017484	1.0131583427463635	0.555110743288509	0.5025579159626403
11.0	33.0	34.0	21000.0	1.8325564882961682	2.7901032169043027	1.5781147297057032	4.894756463526846	-0.25444175859046503	2.1046532466225436	1.154610607789209	1.0327200239503895
11.0	33.0	35.0	21000.0	2.543688229051959	-2.4872283194314893	0.48885292774775735	-0.6294656937627678	-2.0548353013042018	1.8577626256687214	1.5347701032845293	1.1002570838784322
11.0	34.0	35.0	21000.0	0.828940322041662	-5.258755304062982	-1.0892618019579459	-5.524222157289614	-1.9182021239996079	-0.26546685322663244	0.38015949549532024	0.06753705992804271
12.0	36.0	37.0	11000.0	0.305074494831997	0.7206123495517769	0.8244060444949355	0.7873004248986035	0.5193315496629385	0.06668807534682664	0.3269254208153285	0.10821202236498095
12.0	36.0	38.0	11000.0	-0.6298639842279998	-0.8664827873506464	0.538507959206072	-0.690073865226168	1.1683719434340718	0.17640892212447845	0.9285382081228732	0.5232473471820498
12.0	37.0	38.0	11000.0	-1.0624816280046288	-1.4860223140322457	-0.2858980852888635	-1.4773742901247715	0.7765835427157652	0.008648023907474212	0.6016127873075447	0.41503532481706884
13.0	39.0	40.0	12000.0	-1.046883581272101	-2.724682567437008	-1.4864488654400247	-1.7232212231344874	-0.43956528416792384	1.0014613443025207	0.7565817020434196	0.22415464147009345
13.0	39.0	41.0	12000.0	-1.4047768120746076	-5.262009733217945	-1.4808950777335212	-3.9333016813856148	-0.07611826565891366	1.3287080518323302	0.6224626483160449	0.03854091392284431
13.0	40.0	41.0	12000.0	-0.3994151434876816	-2.5019959245363363	0.005553787706503499	-2.2100804582511273	0.4049689311941851	0.29191546628520904	-0.13411905372737465	-0.18561372754724914
14.0	42.0	43.0	22000.0	-0.23669365943593323	1.1828777187274255	-0.15564079898467753	1.1369475937901825	0.0810528604512557	-0.04593012493724302	-0.7193707676835146	-0.6691238227157896
14.0	42.0	44.0	22000.0	0.1907790622268486	2.9543029755864465	0.18987345758978336	1.8488187188663687	-0.0009056046370652382	-1.1054842567200778	-1.5832263324612939	-1.372146698165821
14.0	43.0	44.0	22000.0	0.3717899419369406	1.6921343564579612	0.3455142565744609	0.7118711250761862	-0.026275685362479706	-0.980263231381775	-0.8638555647777793	-0.7030228754500314
15.0	45.0	46.0	11000.0	2.7672312315558605	-5.3376394548341475	2.216541396340517	-4.435656391263137	-0.5506898352153433	0.9019830635710102	0.40611035905604354	0.3580077202151841
15.0	45.0	47.0	11000.0	4.861749455570385	-10.99529120434871	5.771221673406444	-9.464578074450515	0.9094722178360595	1.5307131298981957	0.992045987749691	0.8356253853618654
15.0	46.0	47.0	11000.0	2.1041249492647713	-5.645463864758858	3.554680277065927	-5.028921683187377	1.4505553278011556	0.6165421815714804	0.5859356286936475	0.47761766514668125
16.0	48.0	49.0	21000.0	0.6648200113636769	0.05957285937616241	0.8838874707748801	-0.06356909583030301	0.2190674594112032	-0.12314195520646543	0.09094701478784373	-0.22597433826548752
16.0	48.0	50.0	21000.0	-0.7803549720097287	-0.2010659036014264	-1.6508827720697354	-0.7817242896367134	-0.8705278000600067	-0.580658386035287	-0.16065950073758017	-0.522197294409608
16.0	49.0	50.0	21000.0	-1.6455357420966408	-0.22238282672111342	-2.5347702428446155	-0.7181551938064104	-0.8892345007479747	-0.49577236708529693	-0.2516065155254239	-0.29622295614412053
17.0	51.0	52.0	12000.0	5.0981790285833055	-2.6062015393730658	6.30032159903044	-1.3340374338968104	1.2021425704471342	1.2721641054762554	0.11410726587250508	-0.2546701234957425
17.0	51.0	53.0	12000.0	3.101283807389394	-2.1119063396615694	5.09139403606946	-0.35325910919937087	1.9901102286800656	1.7586472304621985	-1.97706047357498	-1.9728889378152417
17.0	52.0	53.0	12000.0	-1.960709422977903	0.380788158452404	-1.2089275629609801	0.9807783246974395	0.7517818600169228	0.5999901662450355	-2.091167739447485	-1.7182188143194992
18.0	54.0	55.0	21000.0	14.382530391193306	-1.504499177358917	13.662857645094391	0.22028275876027692	-0.7196727460989152	1.7247819361191938	0.7346028736974688	0.6883062054121751
18.0	54.0	56.0	21000.0	7.592852354939585	-2.7652335992984147	8.284755530491111	-1.8741933638539194	0.6919031755515261	0.8910402354444953	1.6274701416465973	1.5658902765065363
18.0	55.0	56.0	21000.0	-6.871021293916323	-1.1822153622182734	-5.37810211460328	-2.0944761226141964	1.4929191793130432	-0.912260760395923	0.8928672679491285	0.8775840710943612
19.0	57.0	58.0	22000.0	0.7941856997257064	2.137184806560624	0.8999009528481565	1.8904962484384669	0.10571525312245011	-0.24668855812215718	-0.13014808248163945	-0.421343914089789
19.0	57.0	59.0	22000.0	1.5591165134277194	4.32849695431927	1.737363251911347	3.1722269380311445	0.1782467384836277	-1.1562700162881256	-0.22306772568967403	-0.5453975973890124
19.0	58.0	59.0	22000.0	0.8225905795476036	2.1763901116251203	0.8374622990631906	1.2817306895926777	0.014871719515586967	-0.8946594220324426	-0.09291964320803459	-0.1240536832992234
20.0	60.0	61.0	11000.0	0.20028121191390902	1.0350638861536865	0.05174282892494375	1.0287334816259772	-0.14853838298896527	-0.006330404527709277	1.550148128001311	1.0947907570649136
20.0	60.0	62.0	11000.0	0.5994565860633507	-1.02707017241387	2.440667051425862	-1.2097260478383305	1.8412104653625114	-0.1826558754244605	2.5391981760842555	1.9692101749063369
20.0	61.0	62.0	11000.0	0.3389959293757565	-2.1019827127472768	2.3889242225009184	-2.2384595294643077	2.049928293125162	-0.13647681671703094	0.9890500480829445	0.8744194178414233
21.0	63.0	64.0	12000.0	7.923326138907734	-8.784722880827832	7.387620924701423	-8.211478772344208	-0.5357052142063106	0.5732441084836246	0.08502000359416684	0.15561124337762067
21.0	63.0	65.0	12000.0	4.706922787219377	-8.427676247251743	4.766462556652641	-6.279546052661317	0.05953976943326378	2.1481301945904256	0.5275145237790042	0.2483897092698868
21.0	64.0	65.0	12000.0	-3.2031872207194967	0.360716652846512	-2.621158368048782	1.9319327196828908	0.5820288526707147	1.5712160668363788	0.44249452018483737	0.09277846589226613
22.0	66.0	67.0	11000.0	1.0694091772168006	3.2387600042762976	2.658886740405933	4.126463039513737	1.5894775631891322	0.8877030352374398	-0.8793113779613009	-1.224687527117581
22.0	66.0	68.0	11000.0	1.5676419558043602	5.2817277399119495	3.8335644007895553	4.619612214784411	2.265922444985195	-0.6621155251275388	-1.3330599545424207	-1.6669954845161215
22.0	67.0	68.0	11000.0	0.39409775338030784	2.0294886645262338	1.1746776603836224	0.49314917527067337	0.7805799070033146	-1.5363394892555604	-0.4537485765811198	-0.44230795739854045
23.0	69.0	70.0	21000.0	3.427988280783201	-2.188109888075444	2.9665842860708835	-1.2444295427427505	-0.46140399471231763	0.9436803453326936	0.9541702713555367	0.9550981277049715
23.0	69.0	71.0	21000.0	1.366144012176906	-1.3637227125553064	0.005891949157785348	-0.5315826467523266	-1.3602520630191206	0.8321400658029798	0.14988440764255984	0.5451630467299253
23.0	70.0	71.0	21000.0	-2.0222259328035044	0.8909757195856685	-2.960692336913098	0.712846895990424	-0.9384664041095938	-0.1781288235952445	-0.8042858637129768	-0.40993508097504616
24.0	72.0	73.0	22000.0	-0.8363209133204093	-2.4796575763305873	-0.18220300687221425	-3.3193422030442434	0.654117906448195	-0.8396846267136562	-0.42184883744103274	-0.049493046756026615
24.0	72.0	74.0	22000.0	-1.4230627532180362	-5.750725451726414	-0.4981560338142117	-7.170333949840028	0.9249067194038245	-1.4196084981136146	0.3501557281644807	0.8752642064162472
24.0	73.0	74.0	22000.0	-0.6384708014445994	-3.2468547475832867	-0.31595302694199745	-3.850991746795785	0.322517774502602	-0.6041369992124981	0.7720045656055134	0.9247572531722739
25.0	75.0	76.0	12000.0	0.983619398538643	4.049091618453491	1.178260565029177	3.840048514900218	0.1946411664905341	-0.20904310355327294	0.34516902629599144	0.3631443251491646
25.0	75.0	77.0	12000.0	-0.7550727590922852	1.2478572176246612	-0.15560464460122603	1.3396277901877056	0.5994681144910592	0.09177057256304444	1.0974816306166275	0.8442068648414107
25.0	76.0	77.0	12000.0	-1.6863300050494203	-2.837318698548298	-1.3338652096304031	-2.5004207247125123	0.3524647954190172	0.3368979738357858	0.7523126043206361	0.4810625396922461
26.0	78.0	79.0	22000.0	-2.4194353272439946	-0.04696684245105587	-2.3039790184957383	0.1824517721013308	0.1154563087482563	0.22941861455238666	0.183107920867144	-0.0264143351275834
26.0	78.0	80.0	22000.0	-4.383701115037436	0.8595923910106489	-4.774964420327251	1.0835542363665809	-0.3912633052898151	0.223961845355932	1.0204851045214127	0.9209936249136064
26.0	79.0	80.0	22000.0	-1.9402274725675683	0.8897362947879088	-2.4709854018315127	0.9011024642652501	-0.5307579292639444	0.01136616947734126	0.8373771836542687	0.9474079600411898
27.0	81.0	82.0	21000.0	0.27932985150087397	-0.675740111741467	0.7577360681591472	-0.8654133166452311	0.4784062166582732	-0.18967320490376416	-0.6220420986787332	-0.3705746400467831
27.0	81.0	83.0	21000.0	-1.7713589879653808	3.0775326871248865	-2.6301105513093717	2.1803718690147207	-0.8587515633439908	-0.8971608181101658	-0.8408003184716932	-0.5104317525574658
27.0	82.0	83.0	21000.0	-2.083449121915737	3.7811874762359077	-3.387846619468519	3.045785185659952	-1.304397497552782	-0.7354022905759559	-0.21875821979296006	-0.13985711251068267
28.0	84.0	85.0	11000.0	0.023895737508697223	-0.47469820912481886	3.5356908240928533	-1.5043746241265126	3.511795086584156	-1.0296764150016937	0.9877683251163631	0.5316610955921277
28.0	84.0	86.0	11000.0	1.0420369801486427	0.13928198602755693	7.200328631970251	-1.0558979060764386	6.158291651821608	-1.1951798921039956	0.7820016888748711	0.9141446439039385
28.0	85.0	86.0	11000.0	0.967746945022542	0.5871056749372068	3.664637807877398	0.44847671805007394	2.696890862854856	-0.13862895688713284	-0.20576663624149205	0.38248354831181075
29.0	87.0	88.0	21000.0	2.98672524331689	6.531122126637253	2.81029249084213	9.05586204289557	-0.17643275247475998	2.5247399162583166	0.6488268448238443	0.7197288125263839
29.0	87.0	89.0	21000.0	9.325500344418069	13.582676011552758	8.22928718342746	18.720040079332534	-1.0962131609906098	5.137364067779776	1.0923317923741394	0.9065323147967064
29.0	88.0	89.0	21000.0	6.356044055644664	7.073682677031109	5.418994692585329	9.664178036436965	-0.9370493630593346	2.590495359405856	0.443504947550295	0.1868035022703225
30.0	90.0	91.0	12000.0	5.048130734033729	3.9412803886200933	5.688023207380866	3.513644868387246	0.6398924733471363	-0.42763552023284745	-0.4014528132506143	-0.3526543400896145
30.0	90.0	92.0	12000.0	-1.0605130183737463	3.4852894409066737	1.828559771217897	2.2929975929425837	2.8890727895916433	-1.19229184796409	-0.43709129320350826	-0.5744442899537603
30.0	91.0	92.0	12000.0	-6.11533212301266	-0.48376369060119817	-3.8594634361629687	-1.2206472754446622	2.2558686868496913	-0.7368835848434641	-0.03563847995289393	-0.2217899498641458
31.0	93.0	94.0	11000.0	8.896382889713651	3.0394788529745123	7.876811062630395	4.113215294404199	-1.019571827083256	1.0737364414296868	-0.4233034119654633	-0.6476747783462571
31.0	93.0	95.0	11000.0	5.481712819486446	-0.4252032674042976	4.979284739531295	0.8869435009376048	-0.502428079955151	1.3121467683419024	0.050310836057661845	-0.3165764804613076
31.0	94.0	95.0	11000.0	-3.3360765150896654	-3.521261020975599	-2.8975263230991004	-3.2262717934665943	0.438550191990565	0.2949892275090047	0.47361424802312513	0.3310982978849495
32.0	96.0	97.0	22000.0	-0.13900707488447406	0.45752121748092733	0.07722608148219479	0.6849788797316023	0.21623315636666884	0.22745766225067499	0.41954187826785017	0.477761131315134
32.0	96.0	98.0	22000.0	-0.3569480512846326	2.205327797688109	0.4512765148417657	0.7657870653630425	0.8082245661263983	-1.4395407323250664	0.039013879198122936	0.08612209694925355
32.0	97.0	98.0	22000.0	-0.19868028522928238	1.6665691580856086	0.3740504333595709	0.08080818563144021	0.5727307185888533	-1.5857609724541684	-0.38052799906972723	-0.39163903436588043
33.0	99.0	100.0	11000.0	-0.185612607727756	-0.01756710522321292	3.0036934554336767	-1.0031372507003198	3.1893060631614327	-0.9855701454771069	0.9740881332965472	0.7189749229743825
33.0	99.0	101.0	11000.0	-1.7978233640388055	1.84238937465362	2.940522298330052	0.6717095960345887	4.738345662368857	-1.1706797786190313	0.4166597081114105	-0.11196628240512041
33.0	100.0	101.0	11000.0	-1.5452472833169972	1.8159641070648949	-0.06317115710362486	1.6748468467349085	1.4820761262133724	-0.1411172603299864	-0.5574284251851367	-0.8309412053795029
34.0	102.0	103.0	21000.0	1.071825893955709	1.195459983069746	1.5323145684433257	1.0153807893132125	0.46048867448761666	-0.18007919375653358	0.24158489819085105	0.4136264249846988
34.0	102.0	104.0	21000.0	-2.4018220870671545	9.105499055436601	-3.8380484270262514	7.675970943486732	-1.4362263399590969	-1.4295281119498693	0.6279538299013154	0.8618861395164288
34.0	103.0	104.0	21000.0	-3.431948788577267	7.897311093183058	-5.370362995469577	6.660590154173519	-1.9384142068923103	-1.2367209390095386	0.3863689317104644	0.44825971453172997
35.0	105.0	106.0	22000.0	-11.844667440023272	3.7172361580027236	-10.282512174579551	4.438091902514202	1.562155265443721	0.7208557445114785	-0.4547613848457672	-0.36015858664410416
35.0	105.0	107.0	22000.0	-24.6929369614479	-1.0606943750468378	-21.956268760147623	1.8212088343448158	2.736668201300276	2.8819032093916537	-0.4628287099519355	-0.32474484607453746
35.0	106.0	107.0	22000.0	-12.889682675355335	-4.830635034427071	-11.673756585568071	-2.616883068169386	1.2159260897872635	2.2137519662576848	-0.008067325106168255	0.0354137405695667
36.0	108.0	109.0	12000.0	-0.16177791946048892	-5.985531583805852	0.8335686568091205	-6.216394260511606	0.9953465762696094	-0.23086267670575467	-1.3710350035903645	-1.6114464503971817
36.0	108.0	110.0	12000.0	-0.9296229412908614	-9.480525425400419	0.9587888477428805	-8.188013977058745	1.888411789033742	1.2925114483416742	-2.0941896970562084	-1.9653737056348177
36.0	109.0	110.0	12000.0	-0.7115758112938728	-3.547883842532321	0.12522019093376002	-1.9716197165471385	0.8367960022276328	1.5762641259851824	-0.7231546934658439	-0.353927255237636
37.0	111.0	112.0	11000.0	-1.6790435620981459	-1.1438370465937293	-1.7916823812652183	-0.9484233835553368	-0.11263881916707241	0.19541366303839247	-0.11274891615269667	0.0506443531047438
37.0	111.0	113.0	11000.0	-0.7716200390985568	-2.1325845555219987	-0.6924502063845921	-2.200148427384647	0.07916983271396472	-0.06756387186264856	0.2960370671362398	0.3065751659707132
37.0	112.0	113.0	11000.0	0.8263715183158178	-0.9912432235760571	1.0992321748806262	-1.2517250438293104	0.2728606565648084	-0.2604818202532533	0.40878598328893645	0.2559308128659694
38.0	114.0	115.0	22000.0	-0.08996677236092321	0.37078387744102326	0.03168745697394115	1.0528662405590694	0.12165422933486436	0.6820823631180462	0.79567952214515	0.8450842948174824
38.0	114.0	116.0	22000.0	-2.4342128830042657	1.8480782848903319	-2.49015861513044	1.5818102675764294	-0.055945732126174263	-0.2662680173139025	-0.25281841509456626	0.1771973540026579
38.0	115.0	116.0	22000.0	-2.3801108865766496	1.4362980574164057	-2.521846072104381	0.52894402701736	-0.14173518552773157	-0.9073540303990457	-1.0484979372397163	-0.6678869408148245
39.0	117.0	118.0	21000.0	-0.09592649073766957	-1.6093010212276795	0.22722413440124	-2.2860112179266707	0.3231506251389096	-0.6767101966989912	-0.08675890996234159	0.36095350134695536
39.0	117.0	119.0	21000.0	1.8154862263075966	-2.3951040301131155	1.1109770058510549	-3.38693405070444	-0.7045092204565417	-0.9918300205913244	-0.31595387007662623	-0.28806163439605825
39.0	118.0	119.0	21000.0	1.9382160051697106	-0.8528183846634221	0.8837528714498148	-1.1009228327777691	-1.0544631337198958	-0.24810444811434706	-0.22919496011428464	-0.6490151357430136
40.0	120.0	121.0	12000.0	-0.9537395653710012	-5.094268746235564	-0.7536042898352662	-5.373572648515619	0.20013527553573507	-0.27930390228005564	0.0416549363701364	-0.2816821770580873
40.0	120.0	122.0	12000.0	1.939898865928928	-13.883609774563741	2.4066190096004902	-13.140607686855446	0.4667201436715622	0.7430020877082946	0.305182341521288	0.22635625987885533
40.0	121.0	122.0	12000.0	2.8924500694708053	-8.799453252374029	3.1602232994357564	-7.767035038339827	0.2677732299649511	1.0324182140342018	0.2635274051511516	0.5080384369369426
41.0	123.0	124.0	22000.0	-3.1016318869207558	5.026557562243173	-2.736559684163012	3.8864821783589605	0.36507220275774355	-1.1400753838842128	-0.31060206382852584	-0.6386835422747623
41.0	123.0	125.0	22000.0	-6.686987253085131	7.498456962790362	-6.113546752892944	5.156143771272923	0.573440500192187	-2.342313191517439	-0.6117027677900921	-0.6890724797350742
41.0	124.0	125.0	22000.0	-3.5732710051543144	2.4902351114218106	-3.3769870687299317	1.2696615929139625	0.1962839364243827	-1.2205735185078481	-0.3011007039615663	-0.05038893746031192
42.0	126.0	127.0	12000.0	3.808921946571166	-8.061808841490757	3.5095090744725894	-7.6174900270981425	-0.2994128720985767	0.44431881439261467	1.228943676365077	0.7606600144100781
42.0	126.0	128.0	12000.0	14.412836326748522	-18.740588815706168	13.802218513981643	-17.795618125397937	-0.6106178127668791	0.9449706903082316	1.6041136950175314	1.3628533701306793
42.0	127.0	128.0	12000.0	10.752677207791454	-10.659501362740926	10.292709439509053	-10.178128098299794	-0.45996776828240016	0.4813732644411317	0.3751700186524545	0.6021933557206012
43.0	129.0	130.0	21000.0	1.820578065508311	-3.6615697888805823	1.777183999248109	-5.166590077052206	-0.043394066260201924	-1.5050202881716235	-0.7801803736804516	-0.8739130305901313
43.0	129.0	131.0	21000.0	-1.7978800325250406	-1.4680453945756033	-2.813796149632708	-4.253710080802989	-1.0159161171076674	-2.7856646862273857	-2.1916866915273943	-1.960492124542668
43.0	130.0	131.0	21000.0	-3.5067457919891716	2.140987171485448	-4.590980148880817	0.9128799962492167	-1.0842343568916455	-1.2281071752362314	-1.4115063178469427	-1.0865790939525368
44.0	132.0	133.0	11000.0	0.41368157515476955	0.11140862953369446	0.6293071329910163	-0.19615589548243406	0.2156255578362467	-0.3075645250161285	-0.4015506186682245	-0.20611247656891862
44.0	132.0	134.0	11000.0	0.25155699577793555	-2.0946707354157725	2.5388049329164915	-2.1815071302046363	2.287247937138556	-0.08683639478886374	-0.7504627520912095	-0.36467319270002463
44.0	133.0	134.0	11000.0	-0.1959168513345393	-2.1815264376933197	1.9094977999254752	-1.9853512347222022	2.1054146512600145	0.19617520297111746	-0.348912133422985	-0.158560716131106
45.0	135.0	136.0	11000.0	-1.1803993179649943	-1.1603911054989169	-0.6520429412043995	-0.8569798264447854	0.5283563767605948	0.30341127905413146	-0.26576175310441386	-0.07967899820583568
45.0	135.0	137.0	11000.0	-1.6013545277523837	-0.2233929655821152	-0.5368391204660838	0.1160975042971586	1.0645154072863	0.3394904698792738	0.1299858975594077	0.0798703709598243
45.0	136.0	137.0	11000.0	-0.3921638219237984	0.9142082281238686	0.1152038207383157	0.973077330741944	0.5073676426621141	0.05886910261807543	0.39574765066382156	0.15954936916565998
46.0	138.0	139.0	21000.0	-0.03310531504041325	-2.6275111090658205	1.0034688273958636	-2.8799038346503494	1.0365741424362769	-0.25239272558452885	1.1414715922346232	1.1165104436053355
46.0	138.0	140.0	21000.0	2.2112569443782366	-0.08686820265080275	2.8582863322897083	-0.7920724818992539	0.6470293879114717	-0.7052042792484512	2.877129062272118	2.6662368123523947
46.0	139.0	140.0	21000.0	2.228620600747842	2.4486261565749974	1.8548175048938447	2.0878313527510954	-0.3738030958539973	-0.36079480382390194	1.735657470037495	1.5497263687470593
47.0	141.0	142.0	12000.0	1.3704733429408922	-1.6121796866366154	1.6151779066713061	-0.9298042149991943	0.24470456373041394	0.6823754716374211	-0.1981463866853801	-0.08877681290614703
47.0	141.0	143.0	12000.0	1.2842451029345883	-3.45826636712913	1.7104483460634583	-2.5346068711133967	0.42620324312887004	0.9236594960157332	-1.3973348074276828	-1.3598412386727716
47.0	142.0	143.0	12000.0	-0.09306169947853604	-1.8103410227756456	0.09527043939215218	-1.6048026561142024	0.18833213887068823	0.2055383666614432	-1.1991884207423027	-1.2710644257666246
48.0	144.0	145.0	22000.0	5.489016195077706	4.320202730315045	5.958583376339448	4.356976436773039	0.46956718126174124	0.036773706457993605	-0.9860015786179304	-1.1663650944803123
48.0	144.0	146.0	22000.0	5.877916107655555	5.012131792704589	6.346594645546702	4.540735975403095	0.46867853789114733	-0.47139581730149427	-2.227343794310613	-2.117135056545308
48.0	145.0	146.0	22000.0	0.2979111480267074	0.7346721590117191	0.3880112692072544	0.18375953863005634	0.090100121180547	-0.5509126203816628	-1.2413422156926828	-0.9507699620649959
49.0	147.0	148.0	11000.0	1.9906052413400355	-0.23180030059583245	-0.7125438624846083	1.2942535858310293	-2.703149103824644	1.5260538864268618	0.9156046385519403	0.892999439236533
49.0	147.0	149.0	11000.0	4.617144240703309	-2.4840451558631855	3.272696269352309	-0.38736610489922896	-1.3444479713510002	2.0966790509639566	1.1053194655958407	1.1811299313028485
49.0	148.0	149.0	11000.0	2.56488414542361	-2.1794913877427353	3.9852401318369175	-1.6816196907302583	1.4203559864133073	0.497871697012477	0.1897148270439004	0.28813049206631547
50.0	150.0	151.0	21000.0	-0.3471816899403164	-0.027519674515923853	-0.049076228530338994	-0.5066492392629698	0.2981054614099774	-0.47912956474704593	0.382956397814354	0.30215590617372357
50.0	150.0	152.0	21000.0	0.20336153007975355	-1.397380696002573	-0.13738581798997984	-2.7451340609563886	-0.3407473480697334	-1.3477533649538156	0.3826901616081386	0.22359437743517674
50.0	151.0	152.0	21000.0	0.6461526882514823	-1.488929855014364	-0.08830958945964085	-2.238484821693419	-0.7344622777111232	-0.7495549666790549	-0.0002662362062153534	-0.07856152873854683
51.0	153.0	154.0	22000.0	2.209280071587945	10.451968524184405	-5.062653179778408	8.798512698399804	-7.271933251366353	-1.6534558257846008	0.16457326265796723	0.300411417732775
51.0	153.0	155.0	22000.0	-1.6621101526373243	13.329830790649085	-8.445173982177948	11.1291595368466	-6.783063829540624	-2.2006712538024846	0.10677887972968847	0.3666845818996336
51.0	154.0	155.0	22000.0	-3.909184412793368	2.9191241212311727	-3.38252080239954	2.330646838446796	0.526663610393828	-0.5884772827843765	-0.057794382928278765	0.06627316416685858
52.0	156.0	157.0	12000.0	1.2509666099356558	8.52803670366557	1.402145833180839	8.558748330882167	0.15117922324518318	0.030711627216597037	0.5192079898073558	0.566892479748148
52.0	156.0	158.0	12000.0	3.365907827259548	20.097287546960622	3.553647625020176	20.062444411651427	0.18773979776062788	-0.03484313530919536	0.8134722185063055	0.8449403549727066
52.0	157.0	158.0	12000.0	2.023460290654593	11.581820330445805	2.151501791839337	11.50369608076926	0.128041501184744	-0.07812424967654508	0.29426422869894964	0.27804787522455854
53.0	159.0	160.0	21000.0	7.063175952380807	52.08253108306848	0.454286727740282	50.42982802389645	-6.608889224640525	-1.6527030591720333	6.514460123735674	6.186022485797523
53.0	159.0	161.0	21000.0	8.174555388600538	46.602903196666766	-0.7865042164005445	45.06355346692703	-8.961059605001083	-1.5393497297397332	4.968616123757954	5.1181230792187336
53.0	160.0	161.0	21000.0	1.1371262408171585	-5.547852933175292	-1.2407909441408265	-5.366274556969415	-2.377917184957985	0.18157837620587713	-1.5458439999777198	-1.067899406578789
54.0	162.0	163.0	22000.0	-1.8951905097247401	0.6457288627245052	-2.4527455505960916	2.1731940188224144	-0.5575550408713514	1.5274651560979091	-0.9160373458346527	-0.8625167706996564
54.0	162.0	164.0	22000.0	-5.455479571991689	1.404446749059904	-8.621407878569016	7.2097985034266685	-3.165928306577327	5.8053517543667645	-0.7229883198706091	-0.8695567293640494
54.0	163.0	164.0	22000.0	-3.658035520393774	0.8237005703847888	-6.168662327972925	5.036604484604254	-2.5106268075791505	4.212903914219465	0.1930490259640436	-0.007039958664392998
55.0	165.0	166.0	11000.0	-0.6553441544059266	-0.8725056333004222	-0.4405749553325222	0.16286677125754068	0.21476919907340442	1.0353724045579629	-0.6038881247399956	-0.2786046476684447
55.0	165.0	167.0	11000.0	-0.33682152107949737	-1.0356582340958607	1.8108426152341508	0.2552096622562203	2.147664136313648	1.290867896352081	-0.8638973243190833	-0.5102839685823852
55.0	166.0	167.0	11000.0	0.3028610306691899	-0.15316661411994925	2.251417570566673	0.09234289099867965	1.9485565398974831	0.2455095051186289	-0.26000919957908764	-0.2316793209139405
56.0	168.0	169.0	12000.0	-18.45210105737885	9.53835196876634	-18.12619063167176	10.984451502345337	0.3259104257070895	1.4460995335789963	0.3864227412956893	0.29925740895097874
56.0	168.0	170.0	12000.0	-22.436233398833714	10.514823595266689	-24.323879627201222	13.316045498416088	-1.8876462283675082	2.801221903149399	0.7099781820212456	0.5636677442179661
56.0	169.0	170.0	12000.0	-4.025880215022398	0.9047740997416591	-6.197688995529461	2.331593996070751	-2.171808780507063	1.426819896329092	0.3235554407255563	0.2644103352669873
57.0	171.0	172.0	21000.0	-3.1967464945761925	-2.985867476658619	-2.3784293169319426	-3.6830104693242447	0.8183171776442499	-0.6971429926656256	-0.05361763638903483	-0.06040276966373881
57.0	171.0	173.0	21000.0	0.8018999578678034	-3.6648649518369263	0.7994487461846802	-3.4646222873561783	-0.0024512116831232333	0.200242664480748	0.024029393338821592	0.11432650255373744
57.0	172.0	173.0	21000.0	3.9756654122426838	-0.6017626847241013	3.177878063116623	0.21838818196806642	-0.797787349126061	0.8201508666921677	0.07764702972785642	0.17472927221747625
58.0	174.0	175.0	22000.0	1.7438483750637346	0.35381540215324314	2.0061788903813067	0.17330389676953928	0.2623305153175721	-0.18051150538370386	-0.2864641172853766	-0.1675878405864495
58.0	174.0	176.0	22000.0	2.157888759664437	-0.2073173842980136	2.504792546817498	-1.0776008750423216	0.34690378715306114	-0.870283490744308	-0.4483883294080755	-0.10367228161150877
58.0	175.0	176.0	22000.0	0.3640385081938611	-0.4811690854869939	0.4986136564361914	-1.2509047718118609	0.1345751482423303	-0.769735686324867	-0.16192421212269892	0.06391555897494072
59.0	177.0	178.0	12000.0	14.173516283268885	16.64551588562685	12.821731086527507	18.45998982545757	-1.3517851967413783	1.8144739398307195	0.3978833665443062	0.388733291851608
59.0	177.0	179.0	12000.0	12.76260858670691	23.101419785219974	12.275906055522455	24.661861498626877	-0.4867025311844557	1.5604417134069024	1.2816463759493217	1.3333126079330668
59.0	178.0	179.0	12000.0	-1.4416283874714262	6.458138618670086	-0.5458250310050516	6.2018716731693075	0.8958033564663745	-0.2562669455007782	0.8837630094050155	0.9445793160814588
60.0	180.0	181.0	11000.0	1.5590097557827267	-3.3517584485641843	1.7802168544512824	-2.6437978313440453	0.2212070986685557	0.7079606172201389	-0.0209329597113026	0.05950374473411557
60.0	180.0	182.0	11000.0	1.7466596611323428	-6.611904385971213	3.2369983992107336	-5.448077414772683	1.4903387380783908	1.1638269711985298	-0.19355053019629054	-0.1105032595855846
60.0	181.0	182.0	11000.0	0.18331946474417649	-3.1705096487331605	1.4567815447594512	-2.804279583428638	1.2734620800152747	0.3662300653045225	-0.17261757048498794	-0.17000700431970017
61.0	183.0	184.0	12000.0	1.453578422351507	-4.7532776280479485	2.4252340935329357	-3.768017565468199	0.9716556711814288	0.9852600625797496	-0.19618858842194697	-0.2663490219060307
61.0	183.0	185.0	12000.0	3.124433713412211	-8.979413162435346	4.543676864268036	-5.014596730883113	1.4192431508558254	3.964816431552233	-0.38551710213553747	-0.46702156592076705
61.0	184.0	185.0	12000.0	1.7201163973989146	-4.280777883141583	2.1184427707351006	-1.2465791654149143	0.3983263733361859	3.0341987177266683	-0.1893285137135905	-0.20067254401473633
62.0	186.0	187.0	21000.0	-1.6271039807192489	-0.04161299320919554	-1.252840067717898	-0.16551914162960202	0.374263913001351	-0.12390614842040648	-0.167611380917549	-0.2361717795683802
62.0	186.0	188.0	21000.0	-2.010959610753109	-1.5373497097752944	-2.953950840528705	-1.980471920988066	-0.942991229775596	-0.4431222112127715	-0.4084632958866621	-0.5265697169305383
62.0	187.0	188.0	21000.0	-0.4460906664628155	-1.5229557266538958	-1.7011107728108072	-1.8149527793584639	-1.2550201063479918	-0.2919970527045681	-0.24085191496911307	-0.29039793736215813
63.0	189.0	190.0	11000.0	0.12420194871242973	-2.464728375031436	0.34446697049907016	-2.208309378790318	0.22026502178664042	0.2564189962411181	-0.1927164281794802	0.08954099377623947
63.0	189.0	191.0	11000.0	-1.97724735792265	-5.764605722472763	-0.5566140122900833	-5.162447479072853	1.4206333456325666	0.6021582433999102	0.057940562838481924	0.24991991647543443
63.0	190.0	191.0	11000.0	-2.060706351046562	-3.269607729940221	-0.9010809827891535	-2.9541381002825347	1.1596253682574087	0.3154696296576862	0.2506569910179621	0.16037892269919496
64.0	192.0	193.0	22000.0	1.0621583224757405	-1.5775525094781333	0.33739749864389523	-0.748841022911165	-0.7247608238318453	0.8287114865669682	-1.1194708740442678	-1.3607450937648764
64.0	192.0	194.0	22000.0	4.418314443812825	0.6409380113050496	4.321703180976101	0.1163096835732631	-0.09661126283672417	-0.5246283277317865	-1.9359991917909554	-2.2518498477836033
64.0	193.0	194.0	22000.0	3.3348302171812954	2.122543558268295	3.984305682332206	0.8651507064844282	0.6494754651509105	-1.2573928517838668	-0.8165283177466875	-0.8911047540187269
65.0	195.0	196.0	22000.0	-1.4194114097175374	-0.4677485688848435	-1.39582864782642	-0.3506500962952259	0.02358276189111752	0.11709847258961759	0.5222306685018907	0.4671366031134738
65.0	195.0	197.0	22000.0	-2.3193676148871454	0.4644027749702504	-2.145081399509081	-0.7437233710456894	0.1742862153780642	-1.2081261460159398	1.0821841448172904	1.0598612636260327
65.0	196.0	197.0	22000.0	-0.9476414003950246	0.9031425777231066	-0.7492527516826613	-0.3930732747504635	0.1983886487123634	-1.29621585247357	0.5599534763153997	0.5927246605125589
66.0	198.0	199.0	12000.0	-3.112075955830898	4.29993232452235	-3.623235186533293	4.744600364441112	-0.5111592307023951	0.4446680399187617	0.1350032205589855	0.038251002230580866
66.0	198.0	200.0	12000.0	-3.050160810270727	5.770663722287855	-3.2962695728458584	6.323399909587579	-0.24610876257513148	0.5527361872997236	-0.10466589659870351	0.1580465476285724
66.0	199.0	200.0	12000.0	0.04680751916861059	1.4517506270853016	0.3269656136874346	1.5787995451464667	0.280158094518824	0.12704891806116514	-0.23966911715768902	0.11979554539799153
67.0	201.0	202.0	11000.0	0.7697506769181803	1.6885773526186192	0.24018913195072855	2.342359033052958	-0.5295615449674518	0.6537816804343386	0.6631105318096218	0.8569271163181327
67.0	201.0	203.0	11000.0	-2.7735036290876147	4.078588609961042	-1.5494201373171563	4.737660765657438	1.2240834917704584	0.6590721556963954	1.5816659185725541	1.5903245864417954
67.0	202.0	203.0	11000.0	-3.5475855164638093	2.472174930960178	-1.7896092692678849	2.39530173260448	1.7579762471959244	-0.07687319835569806	0.9185553867629324	0.7333974701236627
68.0	204.0	205.0	21000.0	1.3343934310503762	2.052678481354686	1.8359334358585784	1.8786993893386352	0.5015400048082022	-0.17397909201605088	0.11690601519022437	0.029404794844538173
68.0	204.0	206.0	21000.0	0.16270830189965224	2.7322957146045885	-0.7462362315923201	2.209340636110028	-0.9089445334919724	-0.5229550784945607	1.4212425270937672	1.2919861157650558
68.0	205.0	206.0	21000.0	-1.195450331724654	0.6789879145039297	-2.5821696674508985	0.3306412467713926	-1.3867193357262444	-0.3483466677325371	1.3043365119035428	1.2625813209205177
69.0	207.0	208.0	21000.0	2.201418621934981	-0.3704161309336964	-1.1172568210547524	-1.3098003983611761	-3.3186754429897336	-0.9393842674274797	0.4095832123773704	0.38822822451597006
69.0	207.0	209.0	21000.0	1.8576120036059471	1.7287621036672265	-2.055554067803314	0.34563789869696393	-3.913166071409261	-1.3831242049702626	0.35332739374416633	0.5841051492934923
69.0	208.0	209.0	21000.0	-0.33269525680677514	2.1313394916996717	-0.9382972467485615	1.65543829705814	-0.6056019899417864	-0.4759011946415317	-0.05625581863320406	0.19587692477752228
70.0	210.0	211.0	22000.0	2.7723198112248975	3.3720964466375003	3.4221715122239402	2.67469966402075	0.6498517009990428	-0.6973967826167504	0.5769053675941223	0.7197436655294069
70.0	210.0	212.0	22000.0	-3.0636584855644777	7.009544701871855	-3.2190974741595255	4.625140587147257	-0.1554389885950478	-2.384404114724598	0.9581977579759382	1.2701659619008865
70.0	211.0	212.0	22000.0	-5.822030522436767	3.667586884255808	-6.641268986383466	1.9504409231265072	-0.8192384639466983	-1.717145961129301	0.38129239038181595	0.5504222963714795
71.0	213.0	214.0	11000.0	2.3168367455033314	-3.265772336613944	1.6078896126907694	-4.035235925161828	-0.708947132812562	-0.7694635885478842	1.2034586406006582	1.113504976718616
71.0	213.0	215.0	11000.0	6.675716108561474	-15.014090825513229	5.310149970791599	-16.5559400110169	-1.365566137769875	-1.541849185503672	2.6044075601639918	2.4055085873919495
71.0	214.0	215.0	11000.0	4.1682446494223795	-11.735647988082402	3.7022603581008298	-12.520704085855073	-0.4659842913215497	-0.7850560977726708	1.4009489195633336	1.2920036106733335
72.0	216.0	217.0	12000.0	-1.1644579889171336	1.2913834764197016	-1.1134322669010999	0.7226814636278505	0.051025722016033725	-0.5687020127918512	0.34064861910293587	0.21961751445033428
72.0	216.0	218.0	12000.0	-1.0277983610893813	4.089783208770794	-1.152977334991192	3.8803067391195327	-0.12517897390181076	-0.20947646965126143	1.2614390522568328	0.9072936022012925
72.0	217.0	218.0	12000.0	0.09652310551258036	2.8176716013526937	-0.03954506809009217	3.1576252754916823	-0.13606817360267254	0.3399536741389886	0.920790433153897	0.6876760877509582
73.0	219.0	220.0	21000.0	0.2120744352967474	-0.9484199460864753	-2.518095360374218	-1.6434787595641183	-2.7301697956709656	-0.695058813477643	-0.02815861743411574	-0.20561018060108438
73.0	219.0	221.0	21000.0	-3.8400710380976646	2.815995599483781	-9.021773693165414	1.0857045974405537	-5.18170265506775	-1.7302910020432272	1.0331884278647578	0.8637670017107126
73.0	220.0	221.0	21000.0	-4.0924162733569975	3.7321681673531026	-6.503678332791196	2.729183357004672	-2.4112620594341987	-1.0029848103484307	1.0613470452988736	1.069377182311797
74.0	222.0	223.0	22000.0	0.7078109411084608	-1.5365739319126313	-5.006092421534277	4.050647665514703	-5.713903362642737	5.587221597427334	11.282576169001281	11.742218098378117
74.0	222.0	224.0	22000.0	0.6043298114040887	-4.008017079302931	-4.823038248283865	-0.843881273920374	-5.427368059687954	3.164135805382557	10.731429612650295	11.014021519614303
74.0	223.0	224.0	22000.0	-0.06259188218705347	-2.5151322891831382	0.18305417325041162	-4.894528939435077	0.2456460554374651	-2.3793966502519384	-0.5511465563509859	-0.7281965787638143
75.0	225.0	226.0	11000.0	-1.2035093989292118	0.36408785506569696	-1.7319266102194888	0.17519381636702747	-0.528417211290277	-0.1888940386986695	0.874005609056212	0.8554447290304097
75.0	225.0	227.0	11000.0	-2.0663757572099266	1.9524541411513558	-1.1288415469900883	1.5079353780274687	0.9375342102198383	-0.44451876312388716	1.2109563362033953	1.2611845328671336
75.0	226.0	227.0	11000.0	-0.8073220201796092	1.5580008765177018	0.6030850632294005	1.3327415616604412	1.4104070834090097	-0.22525931485726058	0.3369507271471832	0.4057398038367239
76.0	228.0	229.0	12000.0	-1.029331061505565	1.895684350744287	-0.8120538609130108	2.248245602363454	0.2172772005925543	0.35256125161916696	0.30040147227077796	-0.17187362546577845
76.0	228.0	230.0	12000.0	0.5250130227150249	2.570017584757929	0.9541044288350804	2.342604161161148	0.4290914061200555	-0.22741342359678107	-0.6307769811515413	-0.7426203927768427
76.0	229.0	230.0	12000.0	1.497448505043379	0.6903161873609873	1.7661582897480912	0.09435855879769406	0.2687097847047122	-0.5959576285632933	-0.9311784534223193	-0.5707467673110642
77.0	231.0	232.0	22000.0	2.2932428553484296	5.1623930491746925	2.8299188770138244	4.846645054051464	0.5366760216653947	-0.31574799512322826	0.27247630034099757	0.09103808102450728
77.0	231.0	233.0	22000.0	1.7154358532466603	13.583611389022757	3.4437240480051514	10.098120734725285	1.7282881947584912	-3.4854906542974717	0.9037010872041265	0.7113071502467392
77.0	232.0	233.0	22000.0	-0.7177029785336888	8.304781480900822	0.613805170991327	5.2514756806738205	1.3315081495250158	-3.053305800227001	0.6312247868631289	0.6202690692222319
78.0	234.0	235.0	11000.0	-0.4345197110169554	-9.820988353488467	-2.342898325624674	-9.904552992829167	-1.9083786146077184	-0.08356463934070035	0.19683721016876632	0.1750474863399063
78.0	234.0	236.0	11000.0	6.688899710390114	-12.852844948988919	4.3741679267157	-14.40464235533068	-2.3147317836744143	-1.5517974063417608	0.2317919310184493	-0.058811746486654215
78.0	235.0	236.0	11000.0	7.145078871825295	-3.045830236585659	6.7170662523403735	-4.500089362501512	-0.42801261948492186	-1.4542591259158533	0.034954720849682985	-0.23385923282656051
79.0	237.0	238.0	12000.0	0.515942723763466	0.2552377636337031	-0.14580847317688495	-0.07002120944048329	-0.6617511969403509	-0.3252589730741864	0.34140176788066867	0.02335820653793519
79.0	237.0	239.0	12000.0	0.35950064460713005	0.9322087155952214	-0.5571818808032276	1.2876508831787987	-0.9166825254103577	0.3554421675835773	0.4635960942935924	0.5043763563117238
79.0	238.0	239.0	12000.0	-0.09070210372200815	0.7009638596581205	-0.41137340762634267	1.357672092619282	-0.3206713039043345	0.6567082329611615	0.12219432641292371	0.48101814977378865
80.0	240.0	241.0	21000.0	-5.087133801672386	-0.2870401937928424	-5.631794653044608	0.5718324606675651	-0.544660851372222	0.8588726544604075	0.22019372877767296	0.4443625824056028
80.0	240.0	242.0	21000.0	-6.492552383532379	-1.0632092008373553	-7.947402977152706	-0.36257253558619595	-1.4548505936203266	0.7006366652511593	0.9193903442516671	0.8262899967969304
80.0	241.0	242.0	21000.0	-1.3932124362627336	-0.7606942341575103	-2.315608324108098	-0.934404996253761	-0.9223958878453642	-0.1737107620962508	0.6991966154739941	0.3819274143913276
81.0	243.0	244.0	12000.0	1.4887747363263744	-0.44592009532332266	0.8300862776513895	-0.21624613098970258	-0.6586884586749848	0.22967396433362008	0.6968732765201651	0.3655985108409965
81.0	243.0	245.0	12000.0	0.24459615753119213	-2.61234674556308	-0.4444460908171095	-2.2269771932244566	-0.6890422483483016	0.3853695523386236	0.9663207313283948	0.7837644319552481
81.0	244.0	245.0	12000.0	-1.223723010450077	-2.116203394545262	-1.274532368468499	-2.010731062234754	-0.050809358018422124	0.10547233231050779	0.26944745480822974	0.41816592111425166
