0.0	0.0	2.0	11000.0	0.7526540336406136	2.7491302937680473	1.107342946067547	4.81756064362753	0.35468891242693346	2.068430349859483	-0.8281335744233189	-7.636225327409548
1.0	3.0	4.0	22000.0	-2.075992158354234	-1.0404545894274468	-0.26803599398476763	1.1393734537382443	1.8079561643694664	2.179828043165691	2.7828779723665065	1.099998306120625
1.0	3.0	5.0	22000.0	-2.170744319585835	-1.6382052151041568	-2.158627162311973	-3.4773758915197277	0.012117157273862311	-1.8391706764155709	0.9423991896814954	-2.4985811608812867
1.0	4.0	5.0	22000.0	-0.10225283327569734	-0.6144843369010431	-1.8905911683272052	-4.616749345257972	-1.7883383350515079	-4.002265008356929	-1.840478782685011	-3.598579467001912
2.0	6.0	7.0	12000.0	-0.2826420020785996	-0.5045652607211935	0.027408546780179677	-0.9066621794402181	0.31005054885877925	-0.40209691871902464	-0.0820644379259079	1.1423694620144857
2.0	6.0	8.0	12000.0	-0.9853221687278566	-1.4435915050870456	-1.6558273391124203	-0.8545321134000687	-0.6705051703845637	0.5890593916869769	-0.4586295372340885	-0.5244227785998419
2.0	7.0	8.0	12000.0	-0.7901744113453795	-0.9413436941510245	-1.6832358858926	0.05213006604014936	-0.8930614745472205	0.9934737601911738	-0.3765650993081806	-1.6667922406143276
3.0	9.0	10.0	21000.0	-0.30237087737204327	-0.12604334247994853	0.20152156620292772	0.6306466173851959	0.503892443574971	0.7566899598651444	-0.6833950142899994	-0.05106476754961875
3.0	9.0	11.0	21000.0	-0.528053057126324	0.002721699346020401	-1.6145540675141774	1.445239021424527	-1.0865010103878534	1.4425173220785066	0.511401703505868	-0.006183113732973311
3.0	10.0	11.0	21000.0	-0.16698883462522485	0.15671168811071912	-1.8160756337171051	0.8145924040393311	-1.6490867990918803	0.657880715928612	1.1947967177958674	0.04488165381664544
4.0	12.0	13.0	21000.0	-0.6595681376384457	-0.8087817465088785	-1.0265541413989467	0.49083143115296934	-0.36698600376050106	1.2996131776618478	-0.9409326084403915	2.1345010963382833
4.0	12.0	14.0	21000.0	-1.0732027886940543	-1.8869103740315998	-3.4946826637403774	-3.8491240697584317	-2.421479875046323	-1.962213695726832	-1.3067449211697664	-2.041320694203435
4.0	13.0	14.0	21000.0	-0.4447264958250452	-1.0496892960205297	-2.4681285223414307	-4.339955500911401	-2.0234020265163855	-3.2902662048908713	-0.36581231272937487	-4.175821790541718
5.0	15.0	16.0	12000.0	-0.43756393477844835	1.7404295315053195	-0.8688233301082846	3.4081356295782825	-0.43125939532983626	1.667706098072963	0.19145100492048073	2.931503881990693
5.0	15.0	17.0	12000.0	-1.3828070284527545	1.1913641623309568	-3.0310975368784057	2.132966691573074	-1.6482905084256512	0.9416025292421173	-1.1744660555868336	-0.8832764694662245
5.0	16.0	17.0	12000.0	-0.8649586312924704	-0.4372260449173586	-2.162274206770121	-1.2751689380052085	-1.2973155754776506	-0.8379428930878499	-1.3659170605073143	-3.8147803514569176
6.0	18.0	19.0	22000.0	-0.3303037038175205	1.0459595024829929	-0.4521932559102879	3.8250468777665674	-0.12188955209276742	2.7790873752835745	0.9265321904733526	3.261046417111217
6.0	18.0	20.0	22000.0	-0.31224966155943434	0.8163047109674189	1.3245536867511873	1.2851054697265454	1.6368033483106217	0.4688007587591265	0.9690749795830556	4.598318420120648
6.0	19.0	20.0	22000.0	0.06857174393545762	-0.3011982366062158	1.7767469426614753	-2.539941408040022	1.7081751987260176	-2.238743171433806	0.042542789109702994	1.3372720030094314
7.0	21.0	22.0	11000.0	0.08814619237453059	-0.3267739705485271	-0.19769630919552128	-1.1224217750213938	-0.28584250157005187	-0.7956478044728668	0.24516609410046897	-1.495295290223524
7.0	21.0	23.0	11000.0	0.8314515467398644	0.35470189989854095	0.36021032743167325	-0.5743564622446229	-0.4712412193081912	-0.9290583621431638	-1.3904734315053275	0.3805467678586467
7.0	22.0	23.0	11000.0	0.8254380262398548	0.7797417104028144	0.5579066366271945	0.548065312776771	-0.2675313896126603	-0.23167639762604342	-1.6356395256057965	1.8758420580821706
8.0	24.0	25.0	11000.0	1.8836292702155113	-1.9454924883971856	2.777219835554206	0.009539384197978507	0.8935905653386946	1.955031872595164	0.5252221431869657	4.168162133348503
8.0	24.0	26.0	11000.0	1.2550346687994196	-2.352498855260462	4.308888437730275	1.5064402258179825	3.053853768930855	3.8589390810784447	2.2573925678900935	6.214369043843604
8.0	25.0	26.0	11000.0	-0.6223618821563957	-0.4016947096204664	1.5316686021760688	1.496900841620004	2.1540304843324645	1.8985955512404704	1.7321704247031278	2.0462069104951013
9.0	27.0	28.0	21000.0	0.0652951375184534	-0.7299819373198781	-0.09026658899892936	-0.14926098610533245	-0.15556172651738276	0.5807209512145457	-0.535059415914688	3.387130835513773
9.0	27.0	29.0	21000.0	0.8930145939722722	0.6165067674530533	-0.27690218382167586	1.243257350649401	-1.169916777793948	0.6267505831963476	-0.4240500424864422	3.4702255953617964
9.0	28.0	29.0	21000.0	0.7397945215204214	1.3201891078546772	-0.1866355948227465	1.3925183367547334	-0.9264301163431679	0.07232922890005611	0.1110093734282458	0.08309475984802361
10.0	30.0	31.0	12000.0	-1.1653656754365995	-0.6405679065790668	-1.7828833967618039	-4.786004916788215	-0.6175177213252043	-4.1454370102091485	-0.6507135974303395	-7.693557185102065
10.0	30.0	32.0	12000.0	-0.34388919361657777	-1.0446873841054671	-0.9475578369219875	-2.0517215035857816	-0.6036686433054097	-1.0070341194803145	0.7591719713137763	-5.696653506605131
10.0	31.0	32.0	12000.0	0.8192385239734135	-0.4552813908703284	0.8353255598398164	2.7342834132024336	0.01608703586640292	3.189564804072762	1.4098855687441159	1.9969036784969347
11.0	33.0	34.0	22000.0	-1.1375199220015908	1.1760903980938533	-0.942514149650151	2.1161097203704458	0.1950057723514398	0.9400193222765925	0.3029734506488637	0.37881301907866316
11.0	33.0	35.0	22000.0	-2.2174812317667874	1.0315329182699386	-1.9249505280197354	-0.19155846529099563	0.2925307037470519	-1.2230913835609343	0.7167177160232683	-0.8326558998193718
11.0	34.0	35.0	22000.0	-1.0567178312877417	-0.19371257738456826	-0.9824363783695844	-2.3076681856614414	0.07428145291815724	-2.113955608276873	0.41374426537440456	-1.211468918898035
12.0	36.0	37.0	12000.0	-0.4936824911408868	1.5956002965606109	-1.031307919185565	1.7421707114356195	-0.5376254280446782	0.14657041487500866	0.08439017640013446	-0.6004701207493213
12.0	36.0	38.0	12000.0	-0.9842490385575138	2.285273274976519	-1.1990645684419405	4.46831532857982	-0.21481552988442676	2.183042053603301	0.19018054564665476	-1.0644044106801829
12.0	37.0	38.0	12000.0	-0.3759739567068534	0.7337255873841979	-0.16775664925637557	2.7261446171442003	0.20821730745047784	1.9924190297600024	0.1057903692465203	-0.4639342899308616
13.0	39.0	40.0	11000.0	-2.3633999511057917	-1.5702636094113362	-3.5668883031728456	-5.607554051645025	-1.2034883520670538	-4.037290442233688	-0.5845733532188433	-7.750027098997251
13.0	39.0	41.0	11000.0	-1.732308241594147	-2.3354438417213608	-0.9102924602143503	-5.12217723418064	0.8220157813797968	-2.786733392459279	0.03946260658700851	-3.8291265286964915
13.0	40.0	41.0	11000.0	0.5801460221621424	-0.7013577387895218	2.6565958429584953	0.48537681746438466	2.076449820796353	1.1867345562539064	0.6240359598058518	3.920900570300759
14.0	42.0	43.0	21000.0	-1.0948845190153413	-1.5181133534852567	-1.7205711205577927	-1.131137038040606	-0.6256866015424514	0.3869763154446506	0.5750053799654893	-1.7391495308009866
14.0	42.0	44.0	21000.0	-1.5916708702354434	-2.7947156269551456	-3.40196603231027	-0.9079894696722022	-1.8102951620748264	1.8867261572829435	0.7981926124401326	2.6977995152736867
14.0	43.0	44.0	21000.0	-0.4285724171120249	-1.162596365481047	-1.6813949117524771	0.22314756836840388	-1.2528224946404523	1.3857439338494508	0.22318723247464334	4.436949046074673
15.0	45.0	46.0	22000.0	1.122474273595464	1.916829395414915	1.8663917150859106	1.0803457800320757	0.7439174414904466	-0.8364836153828392	-0.18049854900245066	0.18712926228401727
15.0	45.0	47.0	22000.0	1.4953940759643949	2.2473891311571235	1.9308009001197206	0.009192122560762073	0.4354068241553257	-2.2381970085963614	-0.9332518910890855	-0.10297396489930577
15.0	46.0	47.0	22000.0	0.2952027044487471	0.280723323149922	0.06440918503380999	-1.0711536574713136	-0.2307935194149371	-1.3518769806212356	-0.7527533420866348	-0.29010322718332304
16.0	48.0	49.0	12000.0	-1.2791619042846776	-1.6592738200946258	-2.1329880773894274	-1.0206416081621228	-0.8538261731047498	0.638632211932503	-0.5458014351743401	0.5513993164706363
16.0	48.0	50.0	12000.0	-1.232460710850554	-1.5275337436918965	-2.160229853777082	-1.332391299123401	-0.927769142926528	0.1951424445684955	-1.1827506238722663	-1.5004797868282793
16.0	49.0	50.0	12000.0	0.04843698369729044	0.0697067185051532	-0.02724177638765468	-0.31174969096127825	-0.07567876008494512	-0.38145640946643145	-0.6369491886979262	-2.0518791032989157
17.0	51.0	52.0	21000.0	0.027886439842025545	-1.082935642578832	-0.7585969121643075	-1.4439737310561895	-0.786483352006333	-0.36103808847735763	-0.511545367691923	-1.0659348253604861
17.0	51.0	53.0	21000.0	-1.5180710511177642	-3.170896024989072	-3.665333293063668	-2.8779156101629724	-2.1472622419459038	0.2929804148260997	-0.20070958259444183	-0.19264772313105993
17.0	52.0	53.0	21000.0	-1.5007355305360495	-2.071158051540282	-2.9067363808993605	-1.4339418791067828	-1.406000850363311	0.637216172433499	0.3108357850974812	0.8732871022294262
18.0	54.0	55.0	22000.0	2.146837814868282	2.0850592291961982	2.506590485812694	2.7197427628818787	0.3597526709444123	0.6346835336856804	-0.15067054247795397	0.9113344356263298
18.0	54.0	56.0	22000.0	2.3305526963759196	3.381093076584726	2.1900916365468674	1.9849637455442917	-0.1404610598290521	-1.3961293310404344	-1.3318048322534963	0.14240984922105326
18.0	55.0	56.0	22000.0	0.16111482780506936	1.2205770112165935	-0.3164988492658267	-0.734779017337587	-0.4776136770708961	-1.9553560285541804	-1.1811342897755424	-0.7689245864052765
24.0	72.0	74.0	11000.0	-0.5007910173133858	-1.3007319168568987	0.9407822021057655	-0.9555900943994402	1.4415732194191513	0.3451418224574585	0.5396281955819546	-0.3634184932953701
26.0	78.0	79.0	22000.0	-0.17467111715614614	-0.7823298583024947	-2.475999478246422	-2.973895546582071	-2.3013283610902757	-2.191565688279576	-0.8503471713396209	-3.4600765977899357
26.0	78.0	80.0	22000.0	-0.648703935074515	-1.7205426194370599	-2.599615643016932	-3.428009925057154	-1.9509117079424172	-1.707467305620094	-0.9120861973441947	-1.5912440400690002
26.0	79.0	80.0	22000.0	-0.36553374406791583	-0.8086770648185624	-0.1236161647705103	-0.45411437847508296	0.24191757929740554	0.3545626863434794	-0.061739026004573816	1.8688325577209355
27.0	81.0	82.0	21000.0	0.29516967831306484	-1.0486344903291371	0.876788381749293	-0.4037040212097054	0.5816187034362281	0.6449304691194317	0.13667509873323525	1.167773283052938
27.0	81.0	83.0	21000.0	0.1056205987412433	-1.6775155637321504	-0.8975982916156227	-0.9308604360701338	-1.003218890356866	0.7466551276620166	0.14922404743747109	-0.10323257015082277
27.0	82.0	83.0	21000.0	-0.17313455527146804	-0.5637476565163846	-1.7743866733649156	-0.5271564148604284	-1.6012521180934476	0.036591241655956175	0.01254894870423584	-1.2710058532037607
28.0	84.0	85.0	22000.0	-0.610107484502004	-0.808133185403535	-0.6970778342348467	0.022276574703823826	-0.08697034973284268	0.8304097601073588	0.5668141012018282	0.6220958189056631
28.0	84.0	86.0	22000.0	-0.6251500288999958	-2.0497790027368445	-1.2296710196811773	-4.447369747722519	-0.6045209907811815	-2.397590744985674	0.07791076832984345	-0.8610282380998768
28.0	85.0	86.0	22000.0	0.014665936123470225	-1.2197553169212227	-0.5325931854463306	-4.4696463224263425	-0.5472591215698008	-3.24989100550512	-0.48890333287198473	-1.48312405700554
29.0	87.0	88.0	11000.0	-0.09790639171638116	-0.3253781943233989	0.17400796088031711	-0.8596601318195098	0.27191435259669827	-0.534281937496111	0.4438597601148615	-0.4127785543769136
29.0	87.0	89.0	11000.0	-0.7249492698441431	-1.833455120542835	-0.4275050752055449	-2.7920122303017934	0.29744419463859817	-0.9585571097589582	0.6343176774529553	-1.8331814125952945
29.0	88.0	89.0	11000.0	-0.4107969016306967	-1.3398240105517951	-0.601513036085862	-1.9323520984822835	-0.19071613445516533	-0.5925280879304884	0.1904579173380938	-1.420402858218381
30.0	90.0	91.0	21000.0	-0.343338688600368	-0.10228140377717843	-0.6468803706979998	-0.9835967562754604	-0.30354168209763177	-0.881315352498282	-0.5370275520796923	-0.35257403959438705
30.0	90.0	92.0	21000.0	-0.7701419909043832	-1.017644653656335	-2.693068273609356	-2.0664023931934707	-1.9229262827049727	-1.0487577395371357	-0.8246691468047231	-0.060507650859619844
30.0	91.0	92.0	21000.0	-0.31342869254971806	-0.8362383272389771	-2.046187902911356	-1.0828056369180104	-1.732759210361638	-0.2465673096790333	-0.2876415947250308	0.2920663887347672
31.0	93.0	94.0	12000.0	1.1742859637307657	1.1008576327519064	2.181239762424184	0.6654702228933047	1.0069537986934183	-0.4353874098586017	0.7683160075712294	-1.173945688182826
31.0	93.0	95.0	12000.0	1.0611063394898625	1.9425816609997648	2.0294680350939416	3.8541561311374153	0.968361695604079	1.9115744701376505	0.8083160415957593	-0.9572154005407043
31.0	94.0	95.0	12000.0	-0.1222663256003349	0.7481148215183726	-0.15177172733024236	3.1886859082441106	-0.029505401729907454	2.440571086725738	0.040000034024529896	0.21673028764212177
32.0	96.0	97.0	22000.0	-0.7920286032915858	-1.0646154050219607	-0.7111768963984559	0.2011576699055695	0.08085170689312982	1.2657730749275302	0.34336682429777454	0.23812431381509214
32.0	96.0	98.0	22000.0	0.49591519072841006	-0.6137639895879978	0.10284817736237528	-1.6024478794051902	-0.3930670133660348	-0.9886838898171924	-0.11233941907154588	0.3891625640603422
32.0	97.0	98.0	22000.0	1.288687725025878	0.4351702023063897	0.8140250737608312	-1.8036055493107597	-0.4746626512650467	-2.2387757516171494	-0.4557062433693204	0.15103825024525008
33.0	99.0	100.0	12000.0	1.478845135894777	1.5442726218252822	2.972853218393766	1.9140285957450942	1.494008082498989	0.36975597391981196	1.9154664364479004	2.0289700426420296
33.0	99.0	101.0	12000.0	0.7439633870264251	1.2152552472228129	1.1007566033786134	2.95189663461656	0.3567932163521883	1.736641387393747	0.9891570373879404	0.6570433998746807
33.0	100.0	101.0	12000.0	-0.6895164847960293	-0.40153758744778223	-1.8720966150151526	1.0378680388714656	-1.1825801302191232	1.4394056263192478	-0.92630939905996	-1.3719266427673489
34.0	102.0	103.0	11000.0	1.86543460375269	0.29006513281722945	2.4244019508851125	-0.770536185807714	0.5589673471324224	-1.0606013186249434	0.4851841418821863	-0.11657406541665694
34.0	102.0	104.0	11000.0	0.8431870405598101	0.38191905873935017	3.130420212536592	0.5809146378917376	2.2872331719767818	0.19899557915238741	1.1465025996646006	0.6240180929801653
34.0	103.0	104.0	11000.0	-1.0132196491002388	0.08165837717341695	0.7060182616514794	1.3514508236994516	1.7192379107517182	1.2697924465260346	0.6613184577824143	0.7405921583968222
35.0	105.0	106.0	21000.0	0.40900110930128	0.4276716727256611	0.45508857558616	0.502678856501916	0.04608746628488003	0.07500718377625493	0.2758042045440732	-0.39118625196141465
35.0	105.0	107.0	21000.0	0.4415016553122477	-0.12480401757728554	-0.6636540273855189	-0.9693955764545308	-1.1051556826977667	-0.8445915588772452	0.16578704651698217	-1.0113987899551944
35.0	106.0	107.0	21000.0	-0.059892354783301904	-0.5936425370439053	-1.118742602971679	-1.4720744329564468	-1.058850248188377	-0.8784318959125414	-0.110017158027091	-0.6202125379937797
36.0	108.0	109.0	22000.0	0.4466613447210568	-0.2297411003160228	1.3972866277894127	-0.3139636773200891	0.9506252830683559	-0.08422257700406632	0.5411846066782857	1.1488251734009367
36.0	108.0	110.0	22000.0	2.076869260871452	2.0319880019446686	2.931568518819631	-0.1387857142537996	0.8546992579481794	-2.170773716198468	0.15473549800131536	-0.1404466221896996
36.0	109.0	110.0	22000.0	1.6082731592967532	2.2234631301402095	1.5342818910302185	0.17517796306628952	-0.07399126826653468	-2.04828516707392	-0.38644910867697035	-1.2892717955906363
37.0	111.0	112.0	11000.0	1.4052778962285606	-1.283770310679719	0.6124627141737164	-1.889180285883299	-0.7928151820548441	-0.60540997520358	-1.4402402246724932	-2.0569633841284656
37.0	111.0	113.0	11000.0	1.073373186718185	-2.0903346689684508	1.604482688934013	-3.163351174227955	0.5311095022158279	-1.0730165052595044	-0.8788927414130683	-1.480431870396501
37.0	112.0	113.0	11000.0	-0.32442980016476053	-0.8265939614906346	0.9920199747602965	-1.2741708883446563	1.316449774925057	-0.44757692685402173	0.561347483259425	0.5765315137319647
38.0	114.0	115.0	12000.0	-1.5922767119328984	-2.0284670916184613	-1.8459903962124145	-0.3692841083595795	-0.253713684279516	1.6591829832588818	0.45493533167535816	-0.5378297257399964
38.0	114.0	116.0	12000.0	0.4028519382961706	-2.1697685092933083	0.9017308656613068	0.92600623556973	0.49887892736513617	3.0957747448630384	0.8471424483181806	0.3692672199542102
38.0	115.0	116.0	12000.0	1.9581742134311702	-0.12130881216081324	2.7477212618737212	1.2952903439293095	0.7895470484425511	1.4165991560901228	0.3922071166428225	0.9070969456942066
39.0	117.0	118.0	21000.0	-0.5246099274052236	-1.0513079020158074	-0.8696879358192291	0.3860298418936736	-0.3450780084140055	1.437337743909481	-0.11532124646106467	0.3331706048896592
39.0	117.0	119.0	21000.0	-2.1823784639561907	-2.652354403920987	-4.583261674535606	-1.9257883918747893	-2.4008832105794156	0.7265660120461979	-0.282229409018953	1.0724706750567066
39.0	118.0	119.0	21000.0	-1.732863560197992	-1.7257136322828064	-3.713573738716377	-2.311818233768463	-1.9807101785183852	-0.5861046014856566	-0.16690816255788832	0.7393000701670474
40.0	120.0	121.0	12000.0	0.744836840193754	0.09857786786830047	1.2324179606837333	0.9525928680498055	0.48758112048997937	0.854015000181505	0.5099882682015249	1.365743866197775
40.0	120.0	122.0	12000.0	0.8814240383679959	-0.1292587731486865	1.0416106709629958	2.3052468333132765	0.16018663259499988	2.434505606461963	-0.18570861020741347	0.24081997826192492
40.0	121.0	122.0	12000.0	0.10348060655575253	-0.19804935264589307	-0.19080728972073757	1.352653965263471	-0.2942878962764901	1.550703317909364	-0.6956968784089383	-1.12492388793585
41.0	123.0	124.0	11000.0	0.41787931501629316	0.2387395765458411	-0.3791833810400931	-0.6289145276198269	-0.7970626960563862	-0.867654104165668	-0.8611589799077137	-1.5073941253469627
41.0	123.0	125.0	11000.0	1.6549568462364777	1.2546440398850844	2.840713283312766	1.4182429978147866	1.1857564370762885	0.16359895792970214	0.1624851835037333	-0.6921110137305391
41.0	124.0	125.0	11000.0	1.1487609103061667	0.8980717685406443	3.2198966643528593	2.0471575254346135	2.0711357540466926	1.1490857568939692	1.023644163411447	0.8152831116164236
42.0	126.0	127.0	21000.0	0.02043584323731551	-0.2650295432794829	0.17278020152048157	-0.6161114022953598	0.15234435828316606	-0.35108185901587685	0.22874590611183976	0.33697399992635724
42.0	126.0	128.0	21000.0	1.3528029869503353	-0.5473604177880329	0.7101125663932635	-0.2783193405698512	-0.6426904205570718	0.2690410772181817	1.4003060982525142	2.8339532439211155
42.0	127.0	128.0	21000.0	1.3359670021630157	-0.15021341456682258	0.5373323648727819	0.3377920617255086	-0.7986346372902338	0.48800547629233115	1.1715601921406744	2.4969792439947582
43.0	129.0	130.0	22000.0	-0.8215530750963396	-0.49178825446493235	0.7096051019651668	-0.5607031669153457	1.5311581770615064	-0.06891491245041337	1.667399580707439	1.4724963536876885
43.0	129.0	131.0	22000.0	-0.5609857762845856	-1.0723408053446004	-0.43575963081104874	-1.8882950473564506	0.12522614547353683	-0.8159542420118502	0.5530741876297043	0.12376576920962634
43.0	130.0	131.0	22000.0	0.23105667543362252	-0.6029852146341002	-1.1453647327762155	-1.3275918804411049	-1.376421408209838	-0.7246066658070047	-1.1143253930777348	-1.3487305844780622
44.0	132.0	133.0	11000.0	3.1863448582440608	0.737063316340862	3.55223675943148	0.3230263780160385	0.3658919011874193	-0.41403693832482347	-0.303461944638741	0.7866473271423331
44.0	132.0	134.0	11000.0	2.1612616030499927	1.856517220213572	1.8741710296171732	1.1105647509751861	-0.2870905734328195	-0.7459524692383859	-1.8743279258799532	-1.4603836993006496
44.0	133.0	134.0	11000.0	-1.0296865799449302	1.153857106921496	-1.678065729814307	0.7875383729591476	-0.6483791498693767	-0.3663187339623484	-1.5708659812412122	-2.2470310264429827
45.0	135.0	136.0	22000.0	-1.7315644047604462	-0.6596616767650989	-1.8788161468908129	-0.26751424686517566	-0.14725174213036674	0.39214742989992324	-0.4563759244185235	-1.90124868899251
45.0	135.0	137.0	22000.0	-1.546898366768846	-0.05243451259768683	-1.3083843026629438	-0.48088718558096843	0.23851406410590226	-0.4284526729832816	-0.21888652205066705	0.6688569536534885
45.0	136.0	137.0	22000.0	0.1737403082213893	0.5424799027966776	0.5704318442278691	-0.21337293871579277	0.3966915360064798	-0.7558528415124703	0.23748940236785643	2.5701056426459985
46.0	138.0	139.0	21000.0	-0.5500420934518759	-0.37310869938251034	-2.4181970544449314	-0.9848391745363188	-1.8681549609930554	-0.6117304751538084	-1.5084588354090727	-0.9192034533630391
46.0	138.0	140.0	21000.0	-1.8080549099124434	-0.8735816670658041	-3.840395876432126	-1.1839984286086747	-2.0323409665196825	-0.31041676154287057	0.06245606619059174	-0.15303438580717454
46.0	139.0	140.0	21000.0	-1.1904953437504782	-0.5858739509337303	-1.4221988219871946	-0.1991592540723559	-0.23170347823671644	0.3867146968613744	1.5709149015996644	0.7661690675558646
47.0	141.0	142.0	12000.0	0.9604238884782843	-0.28309215672984145	1.9015390642929333	0.22942421797915813	0.941115175814649	0.5125163747089996	0.9952776405273198	-0.09679363762168691
47.0	141.0	143.0	12000.0	0.21010993982444237	-2.049354534336204	-0.21076938253531807	-0.3890469459824999	-0.42087932235976044	1.660307588353704	-0.015321108954623242	-1.6422756105895218
47.0	142.0	143.0	12000.0	-0.7495130398865628	-1.772507329974184	-2.1123084468282514	-0.618471163961658	-1.3627954069416885	1.154036166012526	-1.010598749481943	-1.5454819729678348
48.0	144.0	145.0	11000.0	1.3772385003195193	0.16865181603166057	1.5010728033934129	0.02410885608355784	0.12383430307389354	-0.14454295994810273	-0.12021656104505496	0.43964006914627873
48.0	144.0	146.0	11000.0	2.0913195435737535	1.2606028411445633	3.9142387963837564	1.0528975462932522	1.8229192528100029	-0.20770529485131117	0.2817203158756172	-0.4657853453697811
48.0	145.0	146.0	11000.0	0.7593174944467966	1.0822078158009614	2.4131659929903435	1.0287886902096943	1.6538484985435469	-0.05341912559126705	0.40193687692067215	-0.9054254145160598
49.0	147.0	148.0	21000.0	-0.07503758797917914	0.05697986182424941	1.1975201650537883	-0.004132439171371516	1.2725577530329675	-0.06111230099562093	2.0651570089574136	2.2031957867198173
49.0	147.0	149.0	21000.0	0.2580573782646258	-0.23422300634210202	0.045448416345266196	-0.8822919276585708	-0.21260896191935963	-0.6480689213164688	1.472350978347393	0.045240924218276746
49.0	148.0	149.0	21000.0	0.354739951809651	-0.2811072654926434	-1.1520717487085221	-0.8781594884871993	-1.5068117005181731	-0.5970522229945558	-0.5928060306100207	-2.1579548625015406
50.0	150.0	151.0	22000.0	1.9356924185282498	1.8099816044961408	2.159948775504972	1.8234146551776576	0.22425635697672242	0.01343305068151679	0.5278018981687467	1.0131225223151716
50.0	150.0	152.0	22000.0	0.6184045830842129	3.1494647776211657	-0.6608172198457396	1.920318572546421	-1.2792218029299525	-1.2291462050747448	0.13140008893579136	1.768377904032917
50.0	151.0	152.0	22000.0	-1.25332086660109	1.3113520738756055	-2.820765995350712	0.09690391736876336	-1.5674451287496218	-1.2144481565068421	-0.3964018092329553	0.7552553817177454
51.0	153.0	154.0	12000.0	-1.7819581959382305	-1.7263568704326033	-2.4189501191139016	-1.0482947019820585	-0.6369919231756711	0.6780621684505448	0.2802557927439011	-1.5554527139509986
51.0	153.0	155.0	12000.0	-1.4670865357310374	-2.677971102881589	-3.467048132287914	-1.0211348665500282	-1.9999615965568767	1.6568362363315607	-0.5429120617216654	-2.2060344821116047
51.0	154.0	155.0	12000.0	0.20617439357749578	-0.9697050660371769	-1.0480980131740125	0.027159835432030377	-1.2542724067515083	0.9968649014692073	-0.8231678544655665	-0.6505817681606061
52.0	156.0	157.0	12000.0	2.1593767829412718	2.276745364996761	2.191886857553982	2.1848450864913502	0.03251007461271005	-0.0919002785054106	0.08314257466362562	0.21745418153895457
52.0	156.0	158.0	12000.0	1.9212253181126107	1.8166497209718973	2.4070652532295753	3.302390343466868	0.48583993511696466	1.485740622494971	0.47277875737108843	0.2819659189059678
52.0	157.0	158.0	12000.0	-0.3161166782045566	-0.519261119317731	0.2151783956755935	1.117545256975518	0.5312950738801501	1.636806376293249	0.3896361827074628	0.06451173736701321
53.0	159.0	160.0	22000.0	-0.3478673888835715	-0.34232713667919423	0.3759983127729356	0.45440107155309306	0.7238657016565071	0.7967282082322873	1.7813374238463098	0.9463607480576997
53.0	159.0	161.0	22000.0	0.8448875120655401	-0.19995945366094148	0.8112878159819275	-1.5931388089331904	-0.033599696083612685	-1.393179355272249	0.9493033684765919	0.784832018151036
53.0	160.0	161.0	22000.0	1.1671938915947617	0.13341071559368878	0.43528950320899185	-2.0475398804862834	-0.7319043883857699	-2.180950596079972	-0.8320340553697179	-0.16152872990666367
54.0	162.0	163.0	11000.0	-0.29803596091250917	0.7826670048775481	-1.195362808994787	0.7138247597672489	-0.8973268480822778	-0.06884224511029924	-0.9758242074786239	-1.256868158377074
54.0	162.0	164.0	11000.0	-1.1006774174143725	0.024272631777057185	-0.7642083405706899	0.42862329147101264	0.33646907684368266	0.40435065969395545	0.25725241638149043	-0.6734923133517441
54.0	163.0	164.0	11000.0	-0.7190571733480375	-0.8139765658074154	0.4311544684240971	-0.28520146829623627	1.1502116417721346	0.5287750975111791	1.2330766238601143	0.5833758450253299
55.0	165.0	166.0	21000.0	-1.4047664265934792	-0.34316716699918537	-3.681583163950563	-0.6475068485608517	-2.276816737357084	-0.30433968156166635	-1.9995185183955613	-1.767275641371242
55.0	165.0	167.0	21000.0	-1.6577614919392305	-1.6872146110082546	-2.5233930669453457	-1.0267145704499399	-0.8656315750061152	0.6605000405583148	1.4011401836382902	1.7094488028456567
55.0	166.0	167.0	21000.0	-0.12389390494576613	-1.1734367144353985	1.1581900970052175	-0.37920772188908813	1.2820840019509836	0.7942289925463104	3.4006587020338515	3.4767244442168987
56.0	168.0	169.0	11000.0	-1.4689633962207873	0.715352306467115	-0.8865297966376602	0.44497259846866655	0.5824335995831271	-0.27037970799844846	0.8859419478231985	-0.17755781787488445
56.0	168.0	170.0	11000.0	-0.64150764047944	-0.23625981723219258	0.6931260563030719	0.023366510113646655	1.3346336967825119	0.25962632734583924	1.20538212446408	-0.5231035929866579
56.0	169.0	170.0	11000.0	0.8021341080958901	-0.9297592076993926	1.579655852940732	-0.4216060883550199	0.7775217448448419	0.5081531193443727	0.31944017664088165	-0.3455457751117734
57.0	171.0	172.0	12000.0	0.812200441366671	1.5216711117933137	1.5640631631094948	2.926041237012214	0.7518627217428238	1.4043701252189003	0.9044635611081304	0.3587702611957013
57.0	171.0	173.0	12000.0	-1.169515042111568	2.1558215901339715	0.2391797110232119	5.126170303511117	1.40869475313478	2.9703487133771453	1.7422005800685696	0.9508529817814662
57.0	172.0	173.0	12000.0	-1.9211509463218794	0.7561740193731081	-1.3248834520862829	2.200129066498903	0.5962674942355966	1.4439550471257947	0.8377370189604392	0.5920827205857648
58.0	174.0	175.0	22000.0	0.3117761560517138	0.28007583865402985	1.8438009634999162	0.39224939875111886	1.5320248074482024	0.11217356009708901	0.7292419492706301	1.4875657058037746
58.0	174.0	176.0	22000.0	0.9762857057396293	0.5242021311735998	2.3978330871409526	-1.0153763491825885	1.4215473814013233	-1.5395784803561883	0.1603216277548256	-0.275976046637723
58.0	175.0	176.0	22000.0	0.5154030604220088	0.3066030072244086	0.5540321236410364	-1.4076257479337073	0.03862906321902759	-1.714228755158116	-0.5689203215158045	-1.7635417524414976
59.0	177.0	178.0	21000.0	-1.3584571553043032	0.6956584809399065	-1.4180195326213152	1.3070280935339724	-0.05956237731701197	0.611369612594066	0.6912145349191974	-0.8677510206985914
59.0	177.0	179.0	21000.0	-1.6067986783396506	0.4925479408388602	-3.1349648973310877	0.9797038237584275	-1.5281662189914371	0.48715588291956724	0.06307683361976046	0.3138744580510888
59.0	178.0	179.0	21000.0	-0.1377458431074885	-0.1353735999527279	-1.7169453647097725	-0.32732426977554496	-1.579199521602284	-0.19195066982281705	-0.6281377012994369	1.1816254787496803
60.0	180.0	181.0	11000.0	-0.20579536753943461	-1.216322661397272	-1.3683813243313807	-2.0083824046303107	-1.162585956791946	-0.7920597432330387	-0.7426572289344193	-2.460953756916169
60.0	180.0	182.0	11000.0	0.422243002226951	-2.6746570128818554	0.5759539414343635	-3.343946037088017	0.15371093920741252	-0.6692890242061615	-0.46595626670510626	-0.8912881390039189
60.0	181.0	182.0	11000.0	0.7551826492184084	-1.2654177870946963	1.9443352657657442	-1.3355636324577063	1.1891526165473358	-0.07014584536300994	0.27670096222931306	1.56966561791225
61.0	183.0	184.0	22000.0	1.2027764624754518	-0.21549475019129538	0.13234968970618866	0.12401782051483679	-1.0704267727692631	0.33951257070613217	-1.0719509892997792	0.4803889862285331
61.0	183.0	185.0	22000.0	1.9701298828602436	-1.2448090233760016	1.424980645587425	-3.2185592247178647	-0.5451492372728186	-1.973750201341863	0.0004303247307575475	0.266014912843076
61.0	184.0	185.0	22000.0	0.7471046485446742	-1.090075747636651	1.2926309558812363	-3.3425770452327015	0.5455263073365622	-2.2525012975960506	1.0723813140305367	-0.2143740733854571
62.0	186.0	187.0	12000.0	0.7746264814937973	-0.8428797766557556	-0.3429303516195432	-0.28673202040090473	-1.1175568331133405	0.5561477562548509	-1.6669406631581296	-0.2880533388935902
62.0	186.0	188.0	12000.0	0.8156665667832801	-2.2815937582963706	2.9855217333623614	-0.33845473124347336	2.1698551665790813	1.9431390270528972	2.361861949408336	0.41884744831523335
62.0	187.0	188.0	12000.0	0.03146264870771098	-1.407071094563098	3.3284520849819046	-0.05172271084256863	3.2969894362741936	1.3553483837205293	4.028802612566466	0.7069007872088235
63.0	189.0	190.0	21000.0	-2.159733592556522	1.7608254183158243	-2.523232402853864	2.360087167778147	-0.363498810297342	0.5992617494623227	-0.33724992156159317	-0.49843334309593956
63.0	189.0	191.0	21000.0	-2.8675012118389818	1.3231257987331908	-2.901540231673721	2.418482707775638	-0.034039019834739115	1.0953569090424473	1.7938499866334752	1.278395132350198
63.0	190.0	191.0	21000.0	-0.5514412542287213	-0.44311598409539865	-0.3783078288198567	0.05839553999749114	0.17313342540886456	0.5015115240928898	2.1310999081950683	1.7768284754461376
64.0	192.0	193.0	12000.0	2.6108814363185244	1.1151597044436024	4.900166819185188	0.5584267128035663	2.2892853828666633	-0.5567329916400361	1.5334273656097253	1.8073169787207632
64.0	192.0	194.0	12000.0	2.7645434526635366	3.630977271714097	5.681909347410283	5.087842560590843	2.9173658947467462	1.4568652888767462	2.0569299349421897	1.4254084557277622
64.0	193.0	194.0	12000.0	0.15546107180779156	2.4382133653372877	0.7817425282250952	4.529415847787277	0.6262814564173036	2.0912024824499893	0.5235025693324644	-0.38190852299300104
65.0	195.0	196.0	11000.0	-0.8961185337348985	-1.080471116409326	-1.5415195649885618	-0.8501946935618889	-0.6454010312536633	0.230276422847437	-0.005065930215209846	-1.1409807149671707
65.0	195.0	197.0	11000.0	-3.2796955625599677	-2.571264005415233	-2.9400268128181324	-1.0000916610715649	0.33966874974183536	1.571172344343668	1.0631234387784616	0.7319850581659466
65.0	196.0	197.0	11000.0	-2.3286518470842186	-1.5066410208472654	-1.3985072478295706	-0.14989696750967596	0.930144599254648	1.3567440533375894	1.0681893689936715	1.8729657731331173
66.0	198.0	199.0	21000.0	1.388834679824038	0.04318262909234605	6.494455046320354	0.6384721482861551	5.105620366496316	0.595289519193809	3.852968505037211	2.6474184948723263
66.0	198.0	200.0	21000.0	1.1032944633217276	0.2869793520688271	5.0865603989093415	-0.04357848754466431	3.983265935587614	-0.3305578396134914	3.4109238862303073	2.727418862617043
66.0	199.0	200.0	21000.0	-0.24407514387270446	0.2239871037782617	-1.4078946474110126	-0.6820506358308194	-1.163819503538308	-0.9060377396090811	-0.4420446188069036	0.08000036774471653
67.0	201.0	202.0	22000.0	-0.31081142764730796	-0.18475943486114943	-1.7774646331124586	-0.20119998844302245	-1.4666532054651507	-0.01644055358187302	-1.1813548448099738	-0.861172443873258
67.0	201.0	203.0	22000.0	-1.2153222288980068	-0.3173673797061838	-1.6965936179510663	-1.988641103466307	-0.48127138905305955	-1.6712737237601232	0.7480958059909426	-0.005056981307461683
67.0	202.0	203.0	22000.0	-0.9464400744427541	-0.06242847699347198	0.08087101516139228	-1.7874411150232845	1.0273110896041464	-1.7250126380298125	1.9294506508009164	0.8561154625657963
68.0	204.0	205.0	21000.0	0.846798458669217	-0.6040872810869891	1.1110904516513074	-0.2958375447672097	0.2642919929820904	0.30824973631977937	0.6129985804625449	-0.09400029998788284
68.0	204.0	206.0	21000.0	2.351038823775152	0.24321827750920022	0.4764044777186882	0.8798303822518392	-1.8746343460564638	0.636612104742639	0.13959824146209598	1.2333070595609996
68.0	205.0	206.0	21000.0	1.3830960836277315	0.842446971010169	-0.6346859739326192	1.1756679270190489	-2.0177820575603507	0.3332209560088799	-0.47340033900044887	1.3273073595488825
69.0	207.0	208.0	12000.0	1.56397098020443	-1.4209021685113834	1.7387844628132143	-0.8484676514190141	0.17481348260878438	0.5724345170923693	0.14201273786248692	1.0591380955255403
69.0	207.0	209.0	12000.0	1.6423936395912397	-1.445745704224822	1.9051232289416475	0.909351106454551	0.2627295893504078	2.355096810679373	-0.0763017879403094	1.1287431482674037
69.0	208.0	209.0	12000.0	0.004633983672073683	-0.049135833468475276	0.16633876612843324	1.7578187578735651	0.16170478245635955	1.8069545913420404	-0.2183145258027963	0.06960505274186346
70.0	210.0	211.0	11000.0	-0.3576964808024785	-1.3912602594844588	-0.9776460947905434	-0.9665309392948984	-0.6199496139880649	0.42472932018956033	-0.23290206891476828	1.299174838908641
70.0	210.0	212.0	11000.0	1.9565807149302845	-1.4502848325066466	2.048004774449396	-1.8561473221143387	0.09142405951911137	-0.4058624896076921	0.16919812242934995	0.1493544353771199
70.0	211.0	212.0	11000.0	1.8854879838386474	-0.2934142399018178	3.0256508692399393	-0.8896163828194403	1.140162885401292	-0.5962021429176225	0.40210019134411823	-1.1498204035315212
71.0	213.0	214.0	22000.0	0.8057823964298176	-1.630708051707038	0.8351782250914539	-1.8193081887131939	0.02939582866163626	-0.18860013700615585	0.29841572772784275	0.757285342421298
71.0	213.0	215.0	22000.0	1.6721037608952258	-1.4643163746077352	2.9852220171065937	-3.7807711203611234	1.313118256211368	-2.316454745753388	0.6397453639789887	0.8112483985826486
71.0	214.0	215.0	22000.0	0.9619918969046042	0.2034441537627787	2.15004379201514	-1.9614629316479295	1.1880518951105357	-2.164907085410708	0.341329636251146	0.053963056161350664
72.0	216.0	217.0	21000.0	2.1970871435395436	-1.5627883488494225	0.7999484289093743	-2.517564650223676	-1.3971387146301693	-0.9547763013742534	-1.6514850434281385	-1.3367057669105407
72.0	216.0	218.0	21000.0	2.6285548901359475	-1.8800900969464136	3.8201551382392154	-2.1734886742494837	1.191600248103268	-0.29339857730307006	1.7929237928625525	0.87544871566692
72.0	217.0	218.0	21000.0	0.3179634397092137	-0.198756503282004	3.020206709329841	0.34407597597419226	2.7022432696206273	0.5428324792561963	3.444408836290691	2.2121544825774606
73.0	219.0	220.0	11000.0	-0.24188587914981508	0.7833130016374152	-1.6574246806387691	0.7705148835098043	-1.415538801488954	-0.012798118127610891	-1.6982281119915115	-0.9833896148558239
73.0	219.0	221.0	11000.0	-2.055225850894356	-0.08187507175072195	-3.7708317127721784	-0.5190681945198321	-1.7156058618778225	-0.43719312276911015	-2.4596392134082237	-0.5333459949784611
73.0	220.0	221.0	11000.0	-1.7511219605834514	-0.7987476177081492	-2.1134070321334093	-1.2895830780296365	-0.3622850715499579	-0.4908354603214873	-0.7614111014167122	0.45004361987736274
74.0	222.0	223.0	12000.0	1.4562066932207145	-1.0517174196470869	2.8152423688023873	-1.370392658197261	1.3590356755816728	-0.3186752385501741	1.5654157994874964	0.22712165714762023
74.0	222.0	224.0	12000.0	3.426558093987575	-1.2974602211476114	5.416035511916789	-0.20309955487186926	1.9894774179292138	1.0943606662757421	2.749660442373653	0.7806085355950927
74.0	223.0	224.0	12000.0	1.7987569719230372	-0.02403777567516663	2.6007931431144016	1.1672931033253917	0.8020361711913644	1.1913308790005583	1.1842446428861564	0.5534868784474725
75.0	225.0	226.0	22000.0	0.30137681505196134	-1.480717707527182	1.1477214875067148	-1.7081121207445449	0.8463446724547534	-0.22739441321736287	0.9332788499469586	0.2742983858918109
75.0	225.0	227.0	22000.0	0.6823242953033288	-2.883697412837704	2.1602496656760195	-3.950368534827021	1.4779253703726907	-1.0666711219893168	1.4408772411959632	1.9344157483003386
75.0	226.0	227.0	22000.0	0.31103506832642314	-0.9564356233810658	1.0125281781693047	-2.242256414082476	0.7014931098428816	-1.2858207907014103	0.5075983912490045	1.6601173624085277
76.0	228.0	229.0	21000.0	1.0832449831028788	-1.9801100519187704	1.0609939778180433	-0.2089331422257601	-0.02225100528483548	1.7711769096930103	-0.022427836072949958	0.15627974002703127
76.0	228.0	230.0	21000.0	0.5711011117624833	-4.021984428104127	0.10392035406869127	-2.555103180319975	-0.4671807576937921	1.4668812477841522	0.9356856828659375	0.49601128621817736
76.0	229.0	230.0	21000.0	-0.5535614987693318	-1.6019562961470388	-0.957073623749352	-2.3461700380942148	-0.4035121249800202	-0.7442137419471759	0.9581135189388874	0.3397315461911461
77.0	231.0	232.0	22000.0	0.012742086767640437	0.04837857226072906	-1.062047742026948	-0.5621316733547701	-1.0747898287945885	-0.6105102456154992	-0.39710214204471583	-0.6278617271112665
77.0	231.0	233.0	22000.0	-0.5067345120709055	-0.10795937360074248	-0.3503670826993357	-1.1903530623901588	0.15636742937156978	-1.0823936887894163	0.7073524642639626	1.5801784870907625
77.0	232.0	233.0	22000.0	-0.6289063962483015	-0.23011320868011165	0.7116806593276124	-0.6282213890353887	1.3405870555759138	-0.39810818035527706	1.1044546063086784	2.208040214202029
78.0	234.0	235.0	12000.0	1.789031610615302	-0.7572217676885593	-0.043987776187577765	-1.3759729667997362	-1.8330193868028797	-0.6187511991111769	-2.75541781671933	-0.5480287177432501
78.0	234.0	236.0	12000.0	2.6498480314448587	-0.07083668871971494	1.4641600948851874	0.7701298160839087	-1.1856879365596713	0.8409665048036237	-2.3806548342719793	-1.358889323390386
78.0	235.0	236.0	12000.0	0.94139341469395	0.6829345524559081	1.5081478710727652	2.146102782883645	0.5667544563788152	1.463168230427737	0.3747629824473506	-0.8108606056471359
79.0	237.0	238.0	11000.0	0.6909868010820217	0.0442290338581417	1.2315439734584288	0.08601672241547931	0.5405571723764071	0.04178768855733761	1.2221342769471448	1.4894898920193356
79.0	237.0	239.0	11000.0	3.240638434974218	1.254322704726004	4.901927540207225	0.457789334770041	1.6612891052330072	-0.7965333699559629	0.6671668457777855	0.7293259721880503
79.0	238.0	239.0	11000.0	2.3692554676887685	1.1810066588641988	3.6703835667487965	0.3717726123545617	1.301128099060028	-0.809234046509637	-0.5549674311693593	-0.7601639198312853
80.0	240.0	241.0	12000.0	0.14862142375310228	-0.09489157472282006	1.9658964370664762	-0.06549939804790483	1.817275013313374	0.029392176674915227	2.017910331989242	0.9804776180353088
80.0	240.0	242.0	12000.0	0.2929320506097586	0.5825653906328467	2.1554159829364608	1.456763822886387	1.8624839323267022	0.8741984322535403	1.9429589294665846	1.5823495100110563
80.0	241.0	242.0	12000.0	0.16518619979872184	0.5362642211278343	0.18951954586998454	1.522263220934292	0.024333346071262696	0.9859989998064576	-0.07495140252265742	0.6018718919757475
81.0	243.0	244.0	22000.0	0.5634466830278715	0.8738217139975486	0.14979061376243408	0.7793087034212931	-0.4136560692654374	-0.0945130105762555	0.05045276523421194	0.32057576555327216
81.0	243.0	245.0	22000.0	-0.4441125778818895	2.033162353429807	-2.057885611762913	0.32625867891943017	-1.6137730338810234	-1.706903674510377	-1.4478733850449998	-0.3571445556929973
81.0	244.0	245.0	22000.0	-1.1857684571686358	0.8293696709252227	-2.207676225525347	-0.45305002450186294	-1.0219077683567113	-1.2824196954270857	-1.4983261502792118	-0.6777203212462695
82.0	246.0	247.0	21000.0	0.6057953943676173	0.8127061386505519	1.2370128492144659	1.4904522258691486	0.6312174548468485	0.6777460872185967	0.6737565655013071	-0.253549078992819
82.0	246.0	248.0	21000.0	2.6242539548565142	2.0763317819779337	2.8263336114700905	2.19061421914148	0.2020796566135763	0.11428243716354647	0.1590797203623282	-0.4521485608164255
82.0	247.0	248.0	21000.0	1.9809935667879355	1.2639859441666426	1.5893207622556247	0.7001619932723315	-0.3916728045323108	-0.563823950894311	-0.5146768451389789	-0.19859948182360654
83.0	249.0	250.0	11000.0	-0.34333219364337086	-1.0600988866944139	-0.279581740556182	-0.798138392015062	0.06375045308718885	0.2619604946793519	0.42445382299243306	0.5451750733336809
83.0	249.0	251.0	11000.0	-0.9292421762315186	-2.0039966197259176	0.25296484815407894	-1.8997265888920083	1.1822070243855975	0.10427003083390929	0.8422118358137709	0.6095363271182492
83.0	250.0	251.0	11000.0	-0.4426092928265968	-1.033500926914706	0.532546588710261	-1.1015881968769463	0.9751558815368577	-0.06808726996224035	0.41775801282133784	0.06436125378456836
84.0	252.0	253.0	21000.0	0.9042487781191015	0.6676248076701254	-0.5332611995709158	-0.4349990842481475	-1.4375099776900173	-1.102623891918273	-1.8444643273485184	-0.6596627087065059
85.0	256.0	257.0	12000.0	0.4249066247939668	-0.2343400979087491	2.2187637943762866	2.1526724304396794	1.7938571695823198	2.3870125283484285	1.840382130914918	0.04971868971685467
87.0	261.0	262.0	11000.0	1.6006946957466814	-0.04663082635576821	1.780381934565412	-1.6659781784351253	0.1796872388187305	-1.619347352079357	-0.478342764895757	-0.11228232889695278
87.0	261.0	263.0	11000.0	2.4123445660636955	0.3852944752152325	3.9809716263683868	-1.7107643319363888	1.5686270603046912	-2.0960588071516213	-1.2429565620137737	-0.8772433211154294
87.0	262.0	263.0	11000.0	0.7055858459963211	0.3424858494087051	2.200589691802975	-0.04478615350126347	1.4950038458066537	-0.38727200290996855	-0.7646137971180167	-0.7649609922184766
88.0	264.0	265.0	21000.0	-0.7918249605912742	-0.06783903915403577	-0.8118675420364525	0.4732547874461943	-0.020042581445178342	0.5410938266002301	0.15135967319000088	-0.23384082967673692
88.0	264.0	266.0	21000.0	0.2373366629853626	0.724682776988022	-0.8100462691127177	0.03680179658567795	-1.0473829320980803	-0.687880980402344	-0.0496700437392974	-1.3035417104962335
88.0	265.0	266.0	21000.0	0.9260000603887466	0.8652329118136057	0.0018212729237347958	-0.43645299086051637	-0.9241787874650118	-1.301685902674122	-0.20102971692929827	-1.0697008808194965
89.0	267.0	268.0	12000.0	-1.3651748514057847	-1.2686850686211564	-1.4074836346252368	0.10923387502384685	-0.042308783219452195	1.3779189436450032	-0.019450827943529703	1.6233160351436737
89.0	267.0	269.0	12000.0	-0.25220313826234175	-1.6048905564903437	-2.091732471546834	1.0919024264176187	-1.8395293332844922	2.6967929829079624	-1.7660689419831783	1.576936117159434
89.0	268.0	269.0	12000.0	1.0766297881841371	-0.3584055411244771	-0.6842488369215971	0.9826685513937718	-1.7608786251057342	1.341074092518249	-1.7466181140396486	-0.04637991798423968
90.0	270.0	271.0	22000.0	-0.3481386862519482	-0.18116115023560564	-1.0961070377275064	-0.039683095648342714	-0.7479683514755582	0.14147805458726292	-2.1277102232172638	-1.2139118505597253
90.0	270.0	272.0	22000.0	0.7140171697691686	-0.238073015910925	-0.8550837899006183	-3.1440454599655823	-1.569100959669787	-2.9059724440546573	-2.0040468350609046	-1.200581508342239
90.0	271.0	272.0	22000.0	1.0685611692916348	-0.014481998484816572	0.2410232478268881	-3.1043623643172396	-0.8275379214647467	-3.089880365832423	0.12366338815635913	0.01333034221748619
91.0	273.0	274.0	11000.0	-0.7309068946524304	-0.9373057905776054	-4.338613454059782	-2.940715562393507	-3.607706559407352	-2.0034097718159014	-2.586620598426606	-2.1142466361348937
91.0	273.0	275.0	11000.0	0.0402436188955031	-0.7551586943737414	-1.1676311009535993	-1.1621153593350755	-1.2078747198491024	-0.4069566649613341	-1.733090013267713	-1.033631202896629
91.0	274.0	275.0	11000.0	0.8651030510508946	0.2079145959216424	3.170982353106183	1.7786002030584314	2.3058793020552883	1.570685607136789	0.853530585158893	1.0806154332382647
92.0	276.0	277.0	22000.0	0.8386763016802794	-1.129380307952312	-0.07244715966567128	-2.189143477904963	-0.9111234613459507	-1.0597631699526513	-0.9329669838175221	-0.4538336267616643
92.0	276.0	278.0	22000.0	2.278687681641264	-2.10823800053206	-0.29005203200711094	-4.866200115587617	-2.568739713648375	-2.757962115055557	-2.8392946670379615	-0.9938973954068757
92.0	277.0	278.0	22000.0	1.4132662382954413	-0.9144239461672834	-0.21760487234143966	-2.6770566376826537	-1.630871110636881	-1.7626326915153703	-1.9063276832204394	-0.5400637686452114
95.0	285.0	286.0	21000.0	-0.23238881083630059	-0.24616140698921463	1.2788672001806844	0.18774945802169896	1.511256011016985	0.4339108650109136	2.2594598280463742	1.7626574921766576
95.0	285.0	287.0	21000.0	1.2688919618182561	0.014956075269153324	0.8638769338535894	0.15676344499115658	-0.4050150279646667	0.14180736972200325	1.356562704932898	1.341644543958168
95.0	286.0	287.0	21000.0	1.6279402404852572	0.14121257736691284	-0.414990266327095	-0.03098601303054238	-2.042930506812352	-0.17219859039745522	-0.9028971231134761	-0.42101294821848967
96.0	288.0	289.0	22000.0	1.1631342046808184	-0.1845442152484127	-0.19976807626642312	-0.025389931204927052	-1.3629022809472415	0.15915428404348564	-1.7051350766805484	-0.10297449967946193
96.0	288.0	290.0	22000.0	1.3088914153462543	-0.22188408082621525	3.1599723930385153	-1.818141847575589	1.851080977692261	-1.5962577667493738	2.095262916107714	1.015720521790442
96.0	289.0	290.0	22000.0	0.07500446437535846	-0.011285688398145588	3.3597404693049384	-1.792751916370662	3.28473600492958	-1.7814662279725164	3.8003979927882625	1.1186950214699038
97.0	291.0	292.0	11000.0	2.234236854778998	1.1008780018678648	0.9798598864153973	0.43486072785321994	-1.2543769683636006	-0.6660172740146448	-1.8336469430050357	-0.582797584788409
98.0	294.0	295.0	21000.0	-1.6768794155736142	0.9297349184235433	-3.7313120002462483	0.9963715667827273	-2.054432584672634	0.06663664835918404	-1.93760370722039	-1.0087263397770414
98.0	294.0	296.0	21000.0	-3.20014059198523	1.8296418941120987	-5.907000481270757	1.2216087937599696	-2.7068598892855267	-0.6080331003521291	-0.5619682325171169	-0.7303049840724327
98.0	295.0	296.0	21000.0	-1.6004650923007642	0.7150059695634177	-2.1756884810245083	0.22523722697724224	-0.5752233887237441	-0.4897687425861754	1.375635474703273	0.2784213557046087
99.0	297.0	298.0	12000.0	-1.009319318746213	-0.24767277763088558	-1.059822237019489	-0.9689252084147029	-0.05050291827327591	-0.7212524307838173	-0.06958136481617316	-2.211589559327308
99.0	297.0	299.0	12000.0	-1.664982270850179	0.08575744344117542	-3.0004463707748528	1.0036758921817182	-1.3354640999246739	0.9179184487405427	-0.9326040603519061	-0.5874875340984431
99.0	298.0	299.0	12000.0	-0.6497419380138414	0.492632612591982	-1.9406241337553638	1.972601100596421	-1.2908821957415224	1.479968488004439	-0.863022695535733	1.624102025228865
