0.0	0.0	1.0	12000.0	6.403776958109284	4.047874324398515	6.066441916963868	1.1283046352305064	-0.33733504114541635	-2.919569689168009	-0.3988720778058479	-0.6937596958802885
0.0	0.0	2.0	12000.0	9.236674773683323	-0.2551746172905496	9.137583605953296	-3.5485824009301723	-0.0990911677300268	-3.2934077836396227	-0.8892727047663271	-1.0326179318658149
0.0	1.0	2.0	12000.0	2.8751891373163723	-4.348877178891685	3.071141688989428	-4.676887036160679	0.1959525516730558	-0.32800985726899334	-0.49040062696047926	-0.33885823598552633
1.0	3.0	4.0	21000.0	-13.716442267361328	4.754754294315317	-11.474352990057923	1.0069162351010164	2.242089277303405	-3.747838059214301	-0.7230692357084081	-0.024231930823532366
1.0	3.0	5.0	21000.0	-10.532703283571248	21.001736669433512	-13.836179260610834	11.729613758505366	-3.303475977039586	-9.272122910928147	-1.1421819737254282	-0.8902912467965933
1.0	4.0	5.0	21000.0	3.155240273207502	16.248762293005786	-2.3618262705529105	10.72269752340435	-5.5170665437604125	-5.526064769601437	-0.4191127380170201	-0.866059315973061
2.0	6.0	7.0	11000.0	-7.999179954542481	-3.392389103802402	-13.830883532228654	-2.706123281857799	-5.831703577686173	0.6862658219446027	0.7770053703928284	0.2385612602861329
2.0	6.0	8.0	11000.0	-6.431301947073698	5.318326330529079	-14.48716962926028	3.0481994097729057	-8.05586768218658	-2.270126920756173	0.4075523665175069	0.37753227528166633
2.0	7.0	8.0	11000.0	1.5553888886643072	8.809207442562116	-0.6562860970316251	5.754322691630705	-2.2116749856959323	-3.0548847509314108	-0.36945300387532143	0.13897101499553344
3.0	9.0	10.0	22000.0	-1.841939742692178	0.8194402428775005	-3.168959154059621	-0.519684159460212	-1.3270194113674432	-1.3391244023377125	0.08060761584751219	0.36198443071816655
3.0	9.0	11.0	22000.0	0.9028555842860397	1.9094063366912595	-0.9266159421176781	-2.223728808575288	-1.8294715264037178	-4.1331351452665475	0.1382908061539183	0.16031237844612178
3.0	10.0	11.0	22000.0	2.744892064913456	1.0726647566322516	2.242343211941943	-1.704044649115076	-0.502548852971513	-2.7767094057473276	0.05768319030640612	-0.20167205227204477
4.0	12.0	13.0	11000.0	-2.1761889045907914	3.910457615554126	-1.9848101501256679	2.9233047974798865	0.19137875446512354	-0.9871528180742395	0.14195029361764	-0.08934309392263629
4.0	12.0	14.0	11000.0	-0.9066912347513165	3.855961579872888	0.48264351536431604	2.3937255243467916	1.3893347501156326	-1.4622360555260965	0.27356339392025575	-0.04120342825629564
4.0	13.0	14.0	11000.0	1.2698334551683752	-0.10517947720326237	2.467453665489984	-0.5295792731330948	1.1976202103216087	-0.42439979592983246	0.13161310030261575	0.04813966566634065
5.0	15.0	16.0	22000.0	-0.8943059513245135	-1.0063978120800208	-1.1521404151801562	-0.8415970024570925	-0.2578344638556427	0.1648008096229283	-0.0736448165389163	0.20943677620630297
5.0	15.0	17.0	22000.0	-0.5255205556339515	-1.0233601093921791	-0.28741446646949953	-2.1875901146609067	0.23810608916445197	-1.1642300052687276	0.10434905711333897	0.045805832644774114
5.0	16.0	17.0	22000.0	0.2401312027150171	-0.023336735613927573	0.8647259487106567	-1.3459931122038142	0.6245947459956396	-1.3226563765898867	0.17799387365225527	-0.16363094356152885
6.0	18.0	19.0	12000.0	-0.7023260745339153	0.09707692661274336	-3.4265404744101033	-0.3793957491054698	-2.724214399876188	-0.47647267571821317	-0.715503382719902	-0.8394600216901296
6.0	18.0	20.0	12000.0	1.7630590141010352	3.0840461117982745	-4.331980732163174	2.2403849019899553	-6.095039746264209	-0.8436612098083192	-0.6263478771664381	-0.7257270534140474
6.0	19.0	20.0	12000.0	2.3772399982055283	2.9986731564143554	-0.9054402577530709	2.619780651095425	-3.2826802559585992	-0.37889250531893026	0.08915550555346385	0.11373296827608215
7.0	21.0	22.0	21000.0	0.9182842090732954	1.0863698753507958	0.8382108464838893	-0.9068046433401378	-0.08007336258940612	-1.9931745186909335	-0.0576174668478302	0.039971617371733714
7.0	21.0	23.0	21000.0	1.7174881418633348	1.4064235110542365	0.6121251269391905	-1.3473308884233575	-1.1053630149241442	-2.753754399477594	-0.5126083685330656	-0.8602849546014824
7.0	22.0	23.0	21000.0	0.7677696433882009	0.27355209100826716	-0.2260857195446988	-0.4405262450832197	-0.9938553629328997	-0.7140783360914869	-0.45499090168523537	-0.9002565719732161
8.0	25.0	26.0	22000.0	0.26571881068808256	0.08529451680145606	0.0026908507588814246	-4.57421056411431	-0.26302795992920114	-4.659505080915766	-0.146513938706903	-0.43704196603742673
9.0	27.0	28.0	11000.0	-0.5184037696958272	-0.19290397917962832	-1.3952374495293043	-0.39627023394905336	-0.876833679833477	-0.20336625476942505	-0.1432542264079899	0.0791480589269753
9.0	27.0	29.0	11000.0	-0.8881372266916028	-0.4671842785662621	-0.9901652992809886	-0.5028335398305899	-0.10202807258938584	-0.03564926126432777	0.29724379797431766	0.3138537631806031
9.0	28.0	29.0	11000.0	-0.2919585802933895	-0.2424408888868541	0.40507215024831567	-0.10656330588153651	0.6970307305417052	0.1358775830053176	0.44049802438230756	0.2347057042536278
10.0	30.0	31.0	21000.0	-0.4110578731531698	-0.035019306883286916	-1.185154290581977	0.11333695333610194	-0.7740964174288072	0.14835626021938886	0.2748838858846909	0.5445999164916344
10.0	30.0	32.0	21000.0	-2.0452666790635154	-0.030047772087327118	-4.583335313517182	3.0571924558280443	-2.5380686344536665	3.0872402279153714	0.4868960631327752	0.8050179930817052
10.0	31.0	32.0	21000.0	-1.4583357123631746	-0.026392161379821033	-3.398181022935205	2.9438555024919424	-1.9398453105720304	2.9702476638717634	0.2120121772480843	0.26041807659007077
11.0	33.0	34.0	12000.0	-0.10072504552750505	1.7047946809893615	-0.28547912189696945	0.9424024085396923	-0.1847540763694644	-0.7623922724496692	-0.45956354724386017	-0.6119594309455465
11.0	33.0	35.0	12000.0	1.8749869739396852	3.5276366229467992	-0.18844871784085626	2.6389083614030824	-2.0634356917805414	-0.8887282615437169	-0.4045713681954055	-0.1888439184789661
11.0	34.0	35.0	12000.0	1.9667983679272396	1.8850012760234982	0.09703040405611318	1.6965059528633901	-1.8697679638711264	-0.18849532316010809	0.05499217904845466	0.4231155124665804
12.0	36.0	37.0	22000.0	1.6661554823662232	0.08563159253577624	2.3044655671637884	1.879439649640517	0.6383100847975651	1.7938080571047408	-0.6217417021130274	-0.5906130608502025
13.0	40.0	41.0	21000.0	7.364760051374894	10.680701579039662	10.098999714356069	16.13136470629547	2.7342396629811745	5.45066312725581	-0.14224631262823095	0.07797482033753056
14.0	42.0	43.0	12000.0	2.2134718854062507	-0.7932524221184698	4.886096262720912	-0.8400641066371008	2.672624377314661	-0.04681168451863105	0.22067200995336123	0.3188131855966958
14.0	42.0	44.0	12000.0	4.385167087191932	-2.7572065622567132	7.67743446424879	-2.684936451407566	3.2922673770568585	0.07227011084914725	-0.05805649883555475	-0.39177009436647836
14.0	43.0	44.0	12000.0	2.1364149326499	-2.006065024658435	2.7913382015278785	-1.8448723447704651	0.6549232688779787	0.1611926798879697	-0.278728508788916	-0.7105832799631742
15.0	45.0	46.0	11000.0	0.2824968015537772	-1.7710631986027048	-0.057474300425610636	-0.3944881796564914	-0.33997110197938785	1.3765750189462134	0.030729194550517036	-0.06744120948503962
15.0	45.0	47.0	11000.0	0.8668022380106857	-5.296494713520083	1.2396152616706786	-1.7434688395217108	0.3728130236599929	3.553025873998372	0.745080636089213	0.9066844983625515
15.0	46.0	47.0	11000.0	0.577412831626102	-3.5559398705621605	1.2970895620962892	-1.3489806598652194	0.7196767304701872	2.206959210696941	0.714351441538696	0.9741257078475911
16.0	48.0	49.0	12000.0	3.735269982950344	-6.762788634271882	4.2659063301207425	-3.9233970789105115	0.5306363471703985	2.8393915553613702	0.8195427478460147	0.8015777380346663
16.0	48.0	50.0	12000.0	9.415189677709087	-9.307732701004499	12.222819123330737	-7.095605177802327	2.80762944562165	2.212127523202172	1.033630640834616	0.9876958621503178
16.0	49.0	50.0	12000.0	5.824005870596326	-2.710029661386729	7.956912793209995	-3.172208098891815	2.1329069226136683	-0.46217843750508614	0.21408789298860142	0.18611812411565154
17.0	51.0	52.0	21000.0	-9.298640949126735	-9.662376347408609	-7.044014131316544	-7.079689451779359	2.254626817810191	2.5826868956292497	0.20442545723338412	0.20818792138686604
17.0	51.0	53.0	21000.0	-7.9268786079011795	-17.25781215187172	-6.98811733159846	-15.536283559747517	0.9387612763027198	1.7215285921242014	0.44321084980914804	0.44702154668750893
17.0	52.0	53.0	21000.0	1.4314048134596193	-7.651860180887136	0.05589679971808437	-8.456594107968158	-1.375508013741535	-0.8047339270810223	0.23878539257576392	0.2388336253006429
18.0	54.0	55.0	11000.0	0.22797818530017366	-1.6944514886022608	-0.3549622567766164	0.9291800373716796	-0.5829404420767901	2.6236315259739404	2.3337865293138265	9.673475883159497
18.0	54.0	56.0	11000.0	-2.6188347081338037	-6.054242390838927	-3.4241845275935248	-5.671922674187044	-0.8053498194597211	0.3823197166518826	2.4210657013146886	9.545668519134594
18.0	55.0	56.0	11000.0	-2.8871066315166924	-4.417388501199083	-3.0692222708169083	-6.601102711558724	-0.1821156393002159	-2.183714210359641	0.0872791720008621	-0.12780736402490334
19.0	57.0	58.0	22000.0	4.298574602129894	0.18035249263745534	5.788225156824865	-4.102541950082468	1.489650554694971	-4.282894442719924	-0.07377331510261342	0.1397511074495128
19.0	57.0	59.0	22000.0	10.345168167699228	-7.895585151705825	11.498464850823893	-17.187319342318915	1.1532966831246654	-9.29173419061309	-0.23225875772058657	0.062010730048640994
19.0	58.0	59.0	22000.0	6.043574218652154	-8.017316425219176	5.7102396939990285	-13.084777392236447	-0.3333345246531252	-5.06746096701727	-0.15848544261797315	-0.07774037740087181
20.0	61.0	62.0	21000.0	-2.9064895334342795	0.7818504904884138	-2.9264899117338246	1.367636108027682	-0.02000037829954504	0.5857856175392682	1.9175187940021772	7.298179614452351
21.0	63.0	64.0	12000.0	0.11018240029340998	-0.3501164548858329	0.024337790780919022	-0.6406351601422102	-0.08584460951249095	-0.29051870525637735	0.008328271158319467	-0.01631382767619982
21.0	63.0	65.0	12000.0	0.7082636676208267	-0.7129465110228894	0.7334645707144318	0.08236614130555608	0.02520090309360512	0.7953126523284455	0.35445003342709924	0.3497202214007302
21.0	64.0	65.0	12000.0	0.46613639438885635	-0.2503881276213784	0.7091267799335128	0.7230013014477663	0.24299038554465646	0.9733894290691447	0.3461217622687798	0.36603404907693005
22.0	66.0	67.0	22000.0	0.030947696186644613	-0.9502096003370317	-2.7400151992883366	-0.4124692246957693	-2.770962895474981	0.5377403756412624	0.39084767406049536	0.12587217441442533
22.0	66.0	68.0	22000.0	-0.27114572595247743	0.7141185295580774	-2.7772024759201486	1.0067953100622162	-2.506056749967671	0.2926767805041388	0.09575783014830108	0.008249706772446075
22.0	67.0	68.0	22000.0	-0.3438070424381605	1.700210757279713	-0.03718727663181198	1.4192645347579855	0.30661976580634853	-0.2809462225217274	-0.2950898439121943	-0.11762246764197926
23.0	69.0	70.0	11000.0	-0.2546366264985762	-0.7096202711577106	-0.4878033031202449	-0.5760394820185866	-0.23316667662166868	0.13358078913912408	-0.14054492114320283	-0.09614535865527785
23.0	69.0	71.0	11000.0	-0.5160417433546218	-0.23870302811901212	0.28407892614654884	-0.5374189966928498	0.8001206695011707	-0.29871596857383764	-0.7632926274726799	-0.6936279987678233
23.0	70.0	71.0	11000.0	-0.24187885008879562	0.38822976823008304	0.7718822292667937	0.03862048532573681	1.0137610793555893	-0.34960928290434623	-0.6227477063294771	-0.5974826401125455
24.0	72.0	73.0	22000.0	-0.3843808676016689	-0.911369471770537	-0.7041033533437258	-0.7897852379101096	-0.31972248574205686	0.12158423386042738	0.7621631279133254	0.4635157268331369
24.0	72.0	74.0	22000.0	-0.6735295703190998	-0.27775463626370556	-1.0570721927874729	-1.0229795758612	-0.3835426224683731	-0.7452249395974944	0.8969760153785273	0.8622078860428104
24.0	73.0	74.0	22000.0	-0.27845607962357644	0.5696538836732472	-0.35296883944374713	-0.23319433795109035	-0.0745127598201707	-0.8028482216243376	0.13481288746520192	0.3986921592096735
25.0	75.0	76.0	11000.0	-0.6871584239781532	0.5483405437588891	0.41319404060482157	-0.5443256361106705	1.1003524645829748	-1.0926661798695596	-0.2825460693854609	0.0945296404683802
25.0	75.0	77.0	11000.0	-1.4002410165657952	2.4185836462736745	1.3484242883680508	1.5852687694321048	2.748665304933846	-0.8333148768415697	-0.862757384709326	-0.49023649415032367
25.0	76.0	77.0	11000.0	-0.8418619439775288	1.9093805468886957	0.9352302477632293	2.1295944055427753	1.777092191740758	0.2202138586540796	-0.580211315323865	-0.5847661346187039
26.0	78.0	79.0	12000.0	0.4584158556444633	-0.835105795948877	0.6045156482971379	-4.75915255760151	0.1460997926526746	-3.924046761652633	-0.02452258986242839	-0.5925399876042263
26.0	78.0	80.0	12000.0	0.2780154349418451	-1.227875380991951	0.5989298505462557	-4.768789934559891	0.3209144156044106	-3.54091455356794	-0.03170515285029296	-0.6020241113358225
26.0	79.0	80.0	12000.0	-0.13293463816764728	-0.36410730620651854	-0.005585797750882193	-0.009637376958380628	0.12734884041676509	0.3544699292481379	-0.007182562987864571	-0.009484123731596128
27.0	81.0	82.0	21000.0	-0.010471615513577781	-0.0290489280218873	-0.14889682719331176	0.2876735285335599	-0.13842521167973398	0.3167224565554472	-1.5295837810686095	-1.498966543925043
27.0	81.0	83.0	21000.0	0.1985487847955163	-0.17613572931652222	-0.7861056074202679	-0.048587830350243166	-0.9846543922157842	0.12754789896627905	-2.39362566869535	-2.4602320234741484
27.0	82.0	83.0	21000.0	0.25016806839717454	-0.18607624099670783	-0.6372087802269562	-0.33626135888380304	-0.8873768486241307	-0.1501851178870952	-0.8640418876267404	-0.9612654795491054
28.0	84.0	85.0	12000.0	-0.3546555989828146	0.03839052076759408	-0.7495188424015851	0.029735946391156176	-0.39486324341877044	-0.008654574376437907	-0.38777249871832	-0.14113599262598342
28.0	84.0	86.0	12000.0	-0.19839855214156277	-0.1453068230063428	-0.5679604303429642	1.066822664846086	-0.3695618782014014	1.2121294878524287	-0.4660490477281911	-0.21944614934183448
28.0	85.0	86.0	12000.0	0.16493908262857193	-0.2064837096468075	0.1815584120586209	1.0370867184549297	0.016619329430048957	1.2435704281017372	-0.07827654900987113	-0.07831015671585106
29.0	87.0	88.0	11000.0	1.068286623134565	0.17002751275245842	1.7163965512329469	-0.08035772442690359	0.648109928098382	-0.250385237179362	0.14295668079181212	0.3972408776490539
29.0	87.0	89.0	11000.0	1.6515832642097106	0.13592351472504394	3.621786383206654	-0.395494257736118	1.9702031189969436	-0.531417772461162	0.3683384040099327	0.3266235563693556
29.0	88.0	89.0	11000.0	0.45722316776905103	0.04301809676987833	1.9053898319737073	-0.31513653330921443	1.4481666642046562	-0.35815463007909276	0.22538172321812056	-0.07061732127969833
30.0	90.0	91.0	21000.0	-0.26222085352357194	-1.8669333830621238	0.2741024830288552	-0.31084805731074994	0.5363233365524271	1.5560853257513738	0.20931095820265	0.637130046103664
30.0	90.0	92.0	21000.0	-0.22739489476276464	-3.0540249780762947	-1.0760950812586998	-1.0223616342968853	-0.8487001864959351	2.0316633437794094	0.737754935686354	0.9984635822292489
30.0	91.0	92.0	21000.0	0.00912411044586836	-1.1841235229400482	-1.350197564287555	-0.7115135769861354	-1.3593216747334234	0.4726099459539128	0.528443977483704	0.36133353612558494
31.0	93.0	94.0	22000.0	-1.654716013482723	0.24498202055440466	-1.8837074503519489	0.5067687137620851	-0.22899143686922585	0.26178669320768044	-0.18707149508794885	0.2853024556508075
31.0	93.0	95.0	22000.0	-1.890027048590845	-0.47174988938721807	-2.30803913421164	-1.930299582752241	-0.41801208562079495	-1.4585496933650228	0.6555124766315714	1.0021842083973098
31.0	94.0	95.0	22000.0	-0.20177535148047188	-0.6998847345530015	-0.4243316838596911	-2.437068296514326	-0.22255633237921923	-1.7371835619613245	0.8425839717195203	0.7168817527465023
32.0	96.0	97.0	21000.0	16.0	3.3609247931025568	18.60675337143266	-0.8040918463150319	2.60675337143266	-4.165016639417589	0.2952282416263188	0.6772446913521151
32.0	97.0	98.0	21000.0	1.0449656604080113	3.117860170782693	7.544423862451822	2.784716649019856	6.499458202043811	-0.3331435217628371	0.6177287258906148	0.7133089263601846
33.0	99.0	100.0	11000.0	0.075594812073291	0.017676171759116066	0.4766492450894475	0.28026639485869964	0.4010544330161565	0.2625902230995836	0.31313198582904533	0.6229855439760996
33.0	99.0	101.0	11000.0	0.856681302948255	0.38669458218519637	2.356346044548445	-0.1135649996022039	1.4996647416001903	-0.5002595817874003	-0.4682612652616456	-0.1809225655414366
33.0	100.0	101.0	11000.0	0.7952511370146738	0.3235359315321782	1.8796967994589977	-0.39383139446090354	1.084445662444324	-0.7173673259930817	-0.7813932510906909	-0.8039081095175362
34.0	102.0	103.0	12000.0	-0.13656135109778056	-0.4489569652912042	-0.070574598835492	-0.7872078626242001	0.06598675226228856	-0.33825089733299585	0.04483944772611892	-0.18546988234560047
34.0	102.0	104.0	12000.0	0.7184509658019724	-0.6715417840905689	0.8058370741753151	-0.44760945114740025	0.08738610837334271	0.2239323329431686	0.12218557963738874	-0.30690591776190956
34.0	103.0	104.0	12000.0	0.8429954045981924	-0.1450608821955237	0.8764116730108071	0.3395984114767998	0.03341626841261469	0.4846592936723235	0.07734613191126982	-0.1214360354163091
35.0	105.0	106.0	22000.0	-1.9540491325599278	-0.13940098411425517	-1.6780850539450967	1.7989932492891967	0.2759640786148312	1.9383942334034518	0.05849782195129194	0.20653392008124172
35.0	105.0	107.0	22000.0	-0.29467980690572837	-1.195160889316659	0.3038065136054229	4.369821749158291	0.5984863205111512	5.56498263847495	0.30771373099921107	1.6353046342602937
35.0	106.0	107.0	22000.0	1.6437116506966927	-1.0106018761170938	1.9818915675505195	2.5708284998690942	0.33817991685382687	3.581430375986188	0.24921590904791913	1.428770714179052
36.0	108.0	109.0	22000.0	-0.27802232821739814	0.03527336400177905	-1.921336833433088	-1.2316417055285456	-1.64331450521569	-1.2669150695303246	0.29879306672053474	-0.056848110663210605
36.0	108.0	110.0	22000.0	-0.6267242711286221	-1.9961466168165058	-4.457212081676516	-3.9977556489538983	-3.8304878105478943	-2.0016090321373925	0.9281824598969877	0.5146987848106619
36.0	109.0	110.0	22000.0	-0.3334899600586372	-2.004095102033692	-2.5358752482434284	-2.7661139434253528	-2.202385288184791	-0.7620188413916607	0.6293893931764529	0.5715468954738725
37.0	111.0	112.0	12000.0	-1.1311168737706003	0.35740496228838037	-1.6910385991557177	0.7841380919035146	-0.5599217253851174	0.4267331296151342	1.2190700068775016	0.7862228470697374
37.0	111.0	113.0	12000.0	-1.0042967243438543	0.7519884501833465	-1.865098460044237	1.2365283814160648	-0.8608017357003828	0.4845399312327183	1.245470321205147	0.735424787685119
37.0	112.0	113.0	12000.0	0.20023422045633854	0.2610734292266308	-0.17405986088851932	0.4523902895125502	-0.37429408134485787	0.19131686028591943	0.026400314327645447	-0.050798059384618455
38.0	114.0	115.0	11000.0	-1.3756925935325262	0.20825842924817906	-0.8281339707552888	1.220351873059144	0.5475586227772373	1.012093443810965	0.8539208193703018	0.5897870880423852
38.0	114.0	116.0	11000.0	-1.7681439220729942	0.6498654179785763	-1.0886622727525719	0.7372999580311443	0.6794816493204223	0.08743454005256801	0.18104377433888885	0.47025780802624695
38.0	115.0	116.0	11000.0	-0.24964044156851806	0.345736675511378	-0.26052830199728305	-0.4830519150279997	-0.010887860428764995	-0.8287885905393777	-0.672877045031413	-0.11952928001613827
39.0	117.0	118.0	21000.0	-5.136023715612864	5.897006999956773	1.9519597869491463	6.7601942941744255	7.08798350256201	0.8631872942176528	-0.35486468585330044	-0.35599145078015226
39.0	118.0	119.0	21000.0	-5.158751600332648	2.6060494830964256	2.5921738300828565	2.832867936699813	7.750925430415505	0.22681845360338748	0.6701354754775366	1.348694585473524
40.0	120.0	121.0	21000.0	10.501696398168058	-7.8406150878212255	13.959009221431188	-9.400971368425871	3.4573128232631305	-1.5603562806046458	-0.6333102231984782	-1.0478438928478226
40.0	120.0	122.0	21000.0	6.87475562665801	-8.4582560407352	12.95571164455555	-6.028056939175258	6.080956017897539	2.4301991015599427	-1.3515325884187774	-1.512594912256418
40.0	121.0	122.0	21000.0	-3.5745385176114084	-0.6976644948217761	-1.0032975768756387	3.3729144292506135	2.5712409407357697	4.0705789240723895	-0.7182223652202993	-0.4647510194085953
41.0	124.0	125.0	12000.0	-5.924824173960916	-0.033666369606341284	-4.622532605593051	6.140627176589078	1.302291568367865	6.174293546195419	0.6149844699253322	0.44582466378865604
42.0	126.0	127.0	22000.0	-3.984738924936048	6.04668261115352	-2.5674815465074516	-0.2558086256058232	1.4172573784285962	-6.3024912367593435	0.2652126564111086	1.4970842281440895
42.0	127.0	128.0	22000.0	2.417788257877146	1.7996972820569956	2.1654752369724974	-2.626147529846776	-0.2523130209046487	-4.425844811903771	0.14377474430574466	-0.23866390312831243
43.0	129.0	130.0	11000.0	-7.498011692788238	0.8161642880421152	-2.166629893999925	3.0454947790699407	5.331381798788313	2.2293304910278255	-1.1474421997030504	-1.4165161415507157
43.0	129.0	131.0	11000.0	-10.19946044195449	1.3979285614782446	-4.31973818618917	4.392215804030911	5.879722255765319	2.9942872425526668	-2.076105502355148	-2.5996101359091455
43.0	130.0	131.0	11000.0	-2.745811705456717	0.5641740217028994	-2.153108292189245	1.3467210249609707	0.592703413267472	0.7825470032580712	-0.9286633026520974	-1.1830939943584298
44.0	132.0	133.0	11000.0	-0.6581827754502951	0.7084206204852519	-1.8313786193280066	1.870229722635031	-1.1731958438777115	1.1618091021497792	0.3197484201334362	-0.14799566223629768
44.0	132.0	134.0	11000.0	-3.61091658838674	1.0664421806862991	-5.211314760840651	3.3790991403911903	-1.600398172453911	2.312656959704891	0.2083617413072716	0.4040661871431581
44.0	133.0	134.0	11000.0	-2.9402195013889827	0.3823157311747183	-3.379936141512644	1.5088694177561592	-0.4397166401236614	1.126553686581441	-0.1113866788261646	0.5520618493794558
45.0	135.0	136.0	22000.0	-0.30642019068524196	-0.9610961220442444	-1.0446213053494375	-1.0757272004914284	-0.7382011146641956	-0.11463107844718401	1.0539333744875279	1.2452254319680094
45.0	135.0	137.0	22000.0	-0.8046256081047058	-1.6068051922857807	-1.4990493666120983	-2.630187430574324	-0.6944237585073925	-1.0233822382885434	2.340290110575225	2.4222508464210932
45.0	136.0	137.0	22000.0	-0.41643477355805114	-0.6271554894432185	-0.4544280612626608	-1.5544602300828956	-0.037993287704609635	-0.927304740639677	1.286356736087697	1.1770254144530838
46.0	138.0	139.0	12000.0	0.8760130384533138	-0.9831109854941937	4.1960321700153145	0.5074050826228813	3.3200191315620007	1.490516068117075	0.12001874956575875	0.4297197071775969
46.0	138.0	140.0	12000.0	1.0137603221100973	-5.194238015462964	6.071384410921837	-2.5270610507175206	5.05762408881174	2.667176964745443	-0.1640164462163085	0.07687581423867584
46.0	139.0	140.0	12000.0	0.1348317443606568	-4.225956933161792	1.8753522409065226	-3.034466133340402	1.7405204965458658	1.1914907998213904	-0.28403519578206726	-0.35284389293892104
47.0	142.0	143.0	21000.0	3.3164942198789964	4.05305021455966	3.7009152962768894	5.174764269874004	0.384421076397893	1.121714055314344	1.1735617910053122	6.508053547723335
48.0	144.0	145.0	12000.0	-0.35405127340237463	-0.03492983066297661	-0.0716705377544713	-0.17343497825254417	0.28238073564790334	-0.13850514758956756	0.5935980533648575	0.027578651604628135
48.0	144.0	146.0	12000.0	-0.6432008472832553	-0.36655582043704804	-0.11197626411740202	0.6102523691706665	0.5312245831658533	0.9768081896077145	0.903607931953033	0.34750310076753976
48.0	145.0	146.0	12000.0	-0.2134471256672814	-0.36264004433848473	-0.04030572636293073	0.7836873474232107	0.17314139930435068	1.1463273917616954	0.3100098785881755	0.31992444916291163
49.0	148.0	149.0	21000.0	-0.6620729810642718	-0.4362394401921268	-0.758145111686872	-3.1269642843988095	-0.09607213062260023	-2.6907248442066827	0.9472263527155462	0.12470361699411114
50.0	150.0	151.0	11000.0	0.10353886722617567	0.14417133080288025	-0.2302561038809472	0.12863867754185776	-0.33379497110712286	-0.015532653261022489	0.25127413103031415	0.2910860580341108
50.0	150.0	152.0	11000.0	-0.5229917734462202	-0.4057388502237771	0.12195342259019526	0.4196220235016881	0.6449451960364154	0.8253608737254652	0.10366653728738129	0.7744957154315983
50.0	151.0	152.0	11000.0	-0.6641168772162613	-0.5907911847591096	0.35220952647114245	0.29098334595983033	1.0163264036874038	0.88177453071894	-0.14760759374293286	0.48340965739748754
51.0	153.0	154.0	22000.0	0.812485484156241	0.47679356605943823	2.9806750710699816	0.04302024190701559	2.1681895869137406	-0.43377332415242265	0.728793291590236	0.8770914049428455
51.0	153.0	155.0	22000.0	2.840754843570096	-0.24493019287443385	6.0413679045545905	-2.0846206758292283	3.2006130609844945	-1.8396904829547944	1.2469767772364264	1.1197169369468583
51.0	154.0	155.0	22000.0	2.0395343804343318	-0.7933396113572586	3.060692833484609	-2.127640917736244	1.021158453050277	-1.3343013063789853	0.5181834856461904	0.2426255320040127
52.0	156.0	157.0	22000.0	0.08359612599779886	0.7515692988754452	-0.0474654390741307	0.19174373426039892	-0.13106156507192956	-0.5598255646150463	0.44330834642764216	0.5820379087107881
52.0	156.0	158.0	22000.0	-0.046557458559192355	1.5130575862617945	-0.6938268984406477	-0.6793618965189125	-0.6472694398814554	-2.192419482780707	0.6375607198303044	0.8117053442276756
52.0	157.0	158.0	22000.0	-0.15313993742438736	0.6613377474961419	-0.646361459366517	-0.8711056307793115	-0.49322152194212965	-1.5324433782754534	0.19425237340266222	0.2296674355168875
53.0	159.0	160.0	12000.0	0.011683285799796828	-0.7449094567461501	4.328286576812388	4.80898931351021	4.3166032910125915	5.55389877025636	-1.0287274466656982	-1.0906426386086565
53.0	159.0	161.0	12000.0	1.3076253844256582	-1.6301297330478421	5.24260606231519	4.4139384173527105	3.9349806778895315	6.044068150400553	-1.9647834494836047	-1.9510694213648492
53.0	160.0	161.0	12000.0	1.2712753032394133	-0.9314219252204268	0.9143194855028014	-0.39505089615749966	-0.3569558177366119	0.5363710290629271	-0.9360560028179066	-0.8604267827561927
54.0	162.0	163.0	11000.0	0.14980917130649107	1.1035511483060034	0.2511277615569725	0.20699333039601697	0.1013185902504814	-0.8965578179099865	0.42456129546243915	0.9191979015384959
54.0	162.0	164.0	11000.0	0.7990783358439835	1.6759775990865489	2.3475680674366686	-0.010374064580901177	1.548489731592685	-1.68635166366745	1.6870685635451395	1.926814849207318
54.0	163.0	164.0	11000.0	0.5974774187901453	0.6007977355916774	2.096440305879696	-0.21736739497691815	1.4989628870895508	-0.8181651305685955	1.2625072680827003	1.0076169476688221
55.0	165.0	166.0	21000.0	-3.2403713773252196	-0.4503444470095639	-1.3539571992878336	1.032532657929778	1.886414178037386	1.4828771049393419	0.5763651645314809	0.5552224545991038
55.0	165.0	167.0	21000.0	-1.5051682988254553	-0.6755970146713208	-0.13196476713324046	1.1771415110931684	1.3732035316922149	1.8527385257644893	2.0086505168552264	1.9883912634144565
55.0	166.0	167.0	21000.0	1.6931085952098455	-0.22607769919633824	1.2219924321545932	0.14460885316339045	-0.4711161630552523	0.3706865523597287	1.4322853523237455	1.4331688088153527
56.0	168.0	169.0	21000.0	4.007078674708249	-1.7806438804512377	4.508935758987036	-3.0098424229836382	0.5018570842787868	-1.2291985425324006	-0.28083353773783415	-0.5074726840996249
56.0	168.0	170.0	21000.0	6.691266644100605	-0.9077211781078951	5.723665515259199	-3.1152411778014084	-0.9676011288414053	-2.2075199996935133	-0.4610057594626369	-0.6504180616097983
56.0	169.0	170.0	21000.0	2.61366316005307	0.9039590703537952	1.2147297562721633	-0.10539875481777017	-1.398933403780907	-1.0093578251715654	-0.18017222172480274	-0.14294537751017344
57.0	171.0	172.0	12000.0	4.8706437508737785	-3.0249539735702964	5.039361121724596	-3.4676503894309008	0.16871737085081762	-0.4426964158606044	-0.680893067826176	-1.0505202304630075
57.0	171.0	173.0	12000.0	6.934319583820623	-5.82952143162212	8.695734031333131	-4.487633365545662	1.7614144475125082	1.341888066076458	-1.7380091384254257	-2.078090311319542
57.0	172.0	173.0	12000.0	2.1058442228844125	-2.820658456931273	3.6563729096085353	-1.0199829761147612	1.5505286867241228	1.800675480816512	-1.0571160705992497	-1.0275700808565347
58.0	174.0	175.0	22000.0	2.538943244350495	0.06788427648247009	2.8100781516805	0.7894714465653578	0.2711349073300049	0.7215871700828878	-0.6508490637383204	-0.3043668262922239
58.0	174.0	176.0	22000.0	2.9788133358406625	-1.3677255994177093	4.769524642102624	-1.2298429281458994	1.7907113062619615	0.13788267127180998	-1.4799676928225836	-1.007360521431032
58.0	175.0	176.0	22000.0	0.5480995394502743	-1.437433841613636	1.959446490422124	-2.019314374711257	1.4113469509718497	-0.5818805330976211	-0.8291186290842631	-0.702993695138808
59.0	177.0	178.0	11000.0	0.2320925263933038	-3.096550926137817	-3.1343523272948914	-3.9437565439848186	-3.3664448536881952	-0.8472056178470018	0.2438121980256085	-0.03484582720392382
59.0	177.0	179.0	11000.0	0.8598119317583857	-3.8144833389143518	-4.547137498904931	-6.492125737584502	-5.406949430663317	-2.67764239867015	0.7285756170159772	0.7522536128216615
59.0	178.0	179.0	11000.0	0.6459916499397025	-0.7089886945613353	-1.4127851716100395	-2.548369193599683	-2.058776821549742	-1.8393804990383478	0.4847634189903687	0.7870994400255853
60.0	181.0	182.0	21000.0	-0.4692303504737909	-0.41101757009754447	-2.235800866493264	-6.419746488821602	-1.7665705160194731	-6.008728918724057	0.26216230507952787	0.5356791922754383
61.0	183.0	184.0	22000.0	1.0400932161589775	-0.28027091693363637	1.6521257659762796	-0.8675986090395327	0.612032549817302	-0.5873276921058963	0.22110820464365588	0.01562666471575369
61.0	183.0	185.0	22000.0	3.0642867062430943	-0.007003255199159675	3.759693631695427	-2.1579353407050803	0.6954069254523327	-2.1509320855059206	0.2496123626305149	0.00157526772018457
61.0	184.0	185.0	22000.0	1.9846765145249554	0.2629031383782392	2.1075678657191474	-1.2903367316655476	0.12289135119419203	-1.5532398700437868	0.028504157986859013	-0.014051396995569121
62.0	186.0	187.0	11000.0	-2.010619348394801	-0.3848445571675949	-3.5780889249012944	0.03472692123000343	-1.5674695765064932	0.41957147839759834	-0.09581103458749851	0.25829591640633964
62.0	186.0	188.0	11000.0	-3.4401708330705594	-0.8345986145841637	-4.0882909910742455	-0.33555119396169175	-0.6481201580036862	0.499047420622472	0.5804739291209273	0.7947538636523888
62.0	187.0	188.0	11000.0	-1.4515148024297053	-0.37449595772976796	-0.5102020661729512	-0.3702781151916952	0.9413127362567542	0.00421784253807278	0.6762849637084258	0.5364579472460491
63.0	190.0	191.0	12000.0	0.13870115431909813	-0.2076589329743257	-0.35912963554278576	-9.613660823516966	-0.4978307898618839	-9.40600189054264	-0.35670658965051416	-1.5341456154442739
64.0	192.0	193.0	22000.0	-0.2619584173596978	0.05414005753910356	-0.7687752857077612	3.4752178230178288	-0.5068168683480634	3.421077765478725	-0.20601687126068668	0.34133952447837146
64.0	192.0	194.0	22000.0	-1.4210148100779723	-0.08410569279942592	-1.513228379901193	3.2856639930478195	-0.09221356982322071	3.3697696858472455	-0.6373543122181218	-0.21974002323850073
64.0	193.0	194.0	22000.0	-1.1206164233289808	-0.17182067984887706	-0.7444530941934318	-0.18955382997000925	0.37616332913554906	-0.01773315012113219	-0.4313374409574351	-0.5610795477168722
65.0	195.0	196.0	12000.0	1.8289351604750204	-0.7586154145726436	0.8975370447401474	-1.455291436411926	-0.931398115734873	-0.6966760218392825	-0.8237260373460344	-0.037067972866182686
65.0	195.0	197.0	12000.0	0.5851505244198156	-0.7479958058804366	-1.4353028863570216	1.0358208556590398	-2.0204534107768373	1.7838166615394764	-0.7733544809231887	-0.10333221075096333
65.0	196.0	197.0	12000.0	-1.2218835697131558	-0.010056189781185942	-2.332839931097169	2.491112292070966	-1.1109563613840132	2.501168481852152	0.05037155642284574	-0.06626423788478064
66.0	198.0	199.0	11000.0	0.7328673518255124	0.09928911794464046	0.244125479077411	-0.5778073624696844	-0.48874187274810144	-0.6770964804143249	-0.9303576396085447	-1.479201530332091
66.0	198.0	200.0	11000.0	0.17715243647145673	0.3472338950965579	0.9694727734329263	0.6468819649876423	0.7923203369614695	0.2996480698910844	-1.7946791976734318	-2.713371131440013
66.0	199.0	200.0	11000.0	-0.5360879179635409	0.2799638018011965	0.7253472943555153	1.2246893274573267	1.2614352123190562	0.9447255256561302	-0.8643215580648871	-1.2341696011079222
67.0	201.0	202.0	21000.0	-0.11934881734614855	-0.17904871905591246	-0.08283965354121392	-0.32198761693371125	0.03650916380493463	-0.1429388978777988	0.028414865039337656	0.3763999056870233
67.0	201.0	203.0	21000.0	1.7594985334418851	0.16371778790961589	1.0490635903138354	-0.45997476500679113	-0.7104349431280497	-0.623692552916407	-0.11928418925617734	-0.13731732589893397
67.0	202.0	203.0	21000.0	1.8962783459889891	0.3482931622324772	1.1319032438550494	-0.13798714807307988	-0.7643751021339398	-0.4862803103055571	-0.147699054295515	-0.5137172315859573
68.0	204.0	205.0	11000.0	-1.7013696687614281	0.6253205983914238	-2.2101601639469663	1.486433896973267	-0.5087904951855382	0.8611132985818433	0.7893956410783574	1.0553991409832548
68.0	204.0	206.0	11000.0	-1.1830135412798617	0.11290411668087419	-1.9530862544399952	0.7246115335760805	-0.7700727131601335	0.6117074168952064	0.9920401708788233	1.193261706522648
68.0	205.0	206.0	11000.0	0.4122570540581787	-0.4203723447749468	0.2570739095069712	-0.7618223633971866	-0.15518314455120752	-0.3414500186222398	0.202644529800466	0.13786256553939324
69.0	208.0	209.0	21000.0	1.7401869633981226	-0.0921318532064479	-0.4849932909241943	-1.6746635770919056	-2.225180254322317	-1.5825317238854577	-0.73951200519096	-0.13817924334189513
70.0	210.0	211.0	12000.0	1.833011432612885	-0.2912113858930727	2.972813062250225	-1.5324828499205978	1.1398016296373399	-1.241271464027525	-0.27403741157664285	-0.48418307068152444
70.0	210.0	212.0	12000.0	2.807189613551321	-0.7382912694763419	5.538320448439663	-1.6470957717590409	2.731130834888342	-0.9088045022826989	-0.886716947683027	-0.8425847235162962
70.0	211.0	212.0	12000.0	0.9499908258626926	-0.43515684071445104	2.565507386189438	-0.11461292183844307	1.6155165603267454	0.32054391887600797	-0.6126795361063841	-0.35840165283477177
71.0	213.0	214.0	22000.0	7.567277985943832	-0.9530426347696936	11.57977480031468	-2.576061106146426	4.012496814370849	-1.6230184713767324	0.651537404038308	0.689965160087084
71.0	213.0	215.0	22000.0	24.40214989753765	-2.3669921383444956	27.882311959904655	-9.149398503181601	3.480162062367004	-6.782406364837105	0.5334370698525817	0.6344731755317241
71.0	214.0	215.0	22000.0	16.93510876393422	-1.5033520789537196	16.302537159589974	-6.573337397035175	-0.6325716043442462	-5.069985318081455	-0.1181003341857263	-0.05549198455535986
72.0	216.0	217.0	11000.0	10.927224252837684	2.574861722580116	9.788048878075415	0.3647370349135599	-1.139175374762269	-2.210124687666556	0.760828222871794	0.44470984185261386
72.0	216.0	218.0	11000.0	22.34317865451614	4.291181399823383	20.880049262563034	-0.683966486700001	-1.4631293919531068	-4.975147886523384	0.6738531466944409	0.636724731164378
72.0	217.0	218.0	11000.0	11.445584660980849	1.7747443387595556	11.09200038448762	-1.048703521613561	-0.35358427649322977	-2.8234478603731166	-0.08697507617735312	0.19201488931176414
73.0	219.0	220.0	22000.0	2.185320479467249	-1.8602958013345106	-0.7295176752477346	-2.099393303673878	-2.9148381547149835	-0.23909750233936755	-0.7217911354760531	-1.286734881725664
73.0	219.0	221.0	22000.0	-0.1191567722963569	-2.609864921747847	-3.2049604263650053	-3.0502112633766956	-3.0858036540686484	-0.44034634162884867	-1.958021181019916	-2.39209831402583
73.0	220.0	221.0	22000.0	-2.316788593148809	-0.7673306197522765	-2.4754427511172707	-0.9508179597028175	-0.15865415796846172	-0.183487339950541	-1.2362300455438628	-1.105363432300166
74.0	222.0	223.0	12000.0	-0.5611407220093163	0.4583118597806477	-0.7356919393237149	0.7021864113798983	-0.1745512173143986	0.24387455159925064	0.4566068198537607	0.3937918308313044
74.0	222.0	224.0	12000.0	-0.3023788333538908	0.9487053608578657	-1.4519772617329636	1.8463981018167033	-1.1495984283790728	0.8976927409588376	0.5608276983630702	0.3071137112364113
74.0	223.0	224.0	12000.0	0.2637436612795723	0.4758016238551477	-0.7162853224092487	1.144211690436805	-0.980028983688821	0.6684100665816572	0.1042208785093095	-0.08667811959489313
75.0	225.0	226.0	21000.0	0.37987310485751546	-0.1712464088176704	1.1890035300216368	9.283169203189345	0.8091304251641214	9.454415612007015	10.128883708909683	17.83066561375989
75.0	225.0	227.0	21000.0	0.30987201672227016	0.045419135460835314	0.15404112605119735	6.551568869351286	-0.1558308906710728	6.50614973389045	9.092387089182353	16.626806288687092
75.0	226.0	227.0	21000.0	-0.04390479848278517	0.2575388313668796	-1.0349624039704395	-2.7316003338380597	-0.9910576054876543	-2.9891391652049393	-1.0364966197273304	-1.2038593250727985
76.0	228.0	229.0	22000.0	0.07904980053114752	0.13834526479796505	-0.1844777797525694	0.360008706662029	-0.2635275802837169	0.22166344186406395	-0.036920162151474756	-0.44550499482321015
76.0	228.0	230.0	22000.0	0.8737466702911663	-0.17560070217228674	0.420878490264613	-0.4571390376652289	-0.45286818002655327	-0.28153833549294216	-0.38717948267463953	-0.25595139524418187
76.0	229.0	230.0	22000.0	0.7895322174484409	-0.31793230589575927	0.6053562700171824	-0.8171477443272579	-0.18417594743125854	-0.4992154384314986	-0.3502593205231648	0.1895535995790283
77.0	231.0	232.0	12000.0	0.6873113105352218	0.32470594626265914	-0.9666134804956528	1.0390056786313835	-1.6539247910308745	0.7142997323687243	-0.12836257640952908	-0.37645324849872
77.0	231.0	233.0	12000.0	-0.16045739988516772	0.3080074409292797	-1.7901570966660074	2.056601046818514	-1.6296996967808397	1.7485936058892344	0.9913446351269783	0.3803058504481811
77.0	232.0	233.0	12000.0	-0.9385993276215867	0.0014651350058008106	-0.8235436161703547	1.0175953681871306	0.11505571145123206	1.0161302331813298	1.1197072115365074	0.7567590989469011
78.0	234.0	235.0	11000.0	0.4393378116028668	0.26718488100311344	1.2870723399094004	-0.03699235917883925	0.8477345283065336	-0.3041772401819527	0.1320279681633849	0.16435842210309204
78.0	234.0	236.0	11000.0	-0.7564836650719995	0.19734872138413717	1.5365960073559108	-0.46375935571131777	2.2930796724279103	-0.6611080770954549	0.03653755185465002	0.19997253639313328
78.0	235.0	236.0	11000.0	-1.268134828875782	-0.12690629499182293	0.24952366744651044	-0.4267669965324785	1.5176584963222925	-0.2998607015406556	-0.0954904163087349	0.03561411429004124
79.0	237.0	238.0	21000.0	-18.09947603327818	2.1075501893962256	-17.234628553456105	6.558149365255986	0.8648474798220747	4.45059917585976	-0.33149754464128023	-0.5719196026962834
79.0	237.0	239.0	21000.0	-23.53846808024927	-4.585689878991435	-29.66062048212484	-0.07528164923519398	-6.122152401875571	4.510408229756241	-0.033838537518278144	-0.1337078170736703
79.0	238.0	239.0	21000.0	-5.396634902190143	-6.783884803960849	-12.425991928668736	-6.63343101449118	-7.029357026478594	0.15045378946966892	0.2976590071230021	0.4382117856226131
80.0	240.0	241.0	22000.0	7.769205308813521	4.128781338651116	6.778165754622023	-1.0290528182199523	-0.9910395541914978	-5.157834156871068	0.9564686099675441	0.8893495130968319
80.0	240.0	242.0	22000.0	-13.84555126340628	4.536822091012881	-5.767782570273312	0.008811237154532137	8.077768693132969	-4.528010853858349	2.2464418967495163	1.9677302118410864
80.0	241.0	242.0	22000.0	-21.503627744370256	0.3542759099341657	-12.545948324895335	1.0378640553744845	8.957679419474921	0.6835881454403188	1.2899732867819722	1.0783806987442546
82.0	246.0	247.0	21000.0	-3.602061882012161	-2.7247293668875443	1.0002347744784856	-0.09005077009328488	4.602296656490647	2.6346785967942594	-0.38306548039902566	-0.12703059527476057
82.0	246.0	248.0	21000.0	-4.779903709523448	-2.756364565085957	4.199522153408907	-0.6652822670357637	8.979425862932356	2.0910822980501935	-1.0481176700231316	-0.5203603851975913
82.0	247.0	248.0	21000.0	-1.1367121444057053	-0.02140692418409973	3.1992873789304213	-0.5752314969424788	4.335999523336127	-0.553824572758379	-0.665052189624106	-0.39332978992283074
83.0	249.0	250.0	11000.0	1.2223502779818523	-1.3818238704237151	3.7073479056746237	-1.98359827314016	2.4849976276927714	-0.6017744027164449	-0.6839519037562241	-0.17842500028096708
83.0	249.0	251.0	11000.0	2.9347921294878843	-1.9954947168279267	8.70959915677986	-3.9198907319641876	5.774807027291975	-1.924396015136261	-1.1521098856202912	-0.8411530523033406
83.0	250.0	251.0	11000.0	1.7632192849915667	-0.6868149348157191	5.0022512511052355	-1.9362924588240276	3.239031966113669	-1.2494775240083085	-0.4681579818640671	-0.6627280520223735
84.0	252.0	253.0	21000.0	5.558502464218143	-3.589020132312947	7.63132414674692	-4.232836890505496	2.072821682528777	-0.6438167581925489	0.5534718324255152	0.7379599366763472
84.0	252.0	254.0	21000.0	5.674471234437619	-8.46017991636594	11.410383429560625	-9.194205983052825	5.735912195123006	-0.7340260666868854	1.2985215232769463	1.389650772840227
84.0	253.0	254.0	21000.0	2.023385831956547	-4.920208624953991	3.779059282813705	-4.961369092547329	1.755673450857158	-0.04116046759333791	0.745049690851431	0.6516908361638798
85.0	255.0	256.0	22000.0	0.8228071200293066	-1.4133289133118074	1.589135809899517	-1.3264967936474932	0.7663286898702104	0.08683211966431426	0.3317295916461376	0.220441560573164
85.0	255.0	257.0	22000.0	1.8078067139269693	-1.9932164715429526	2.801906522382751	-2.548790401438964	0.9940998084557817	-0.5555739298960116	0.5273624899682687	0.5626738511382854
85.0	256.0	257.0	22000.0	0.9872689996281494	-0.5564250922534129	1.212770712483234	-1.222293607791471	0.2255017128550847	-0.6658685155380581	0.19563289832213115	0.3422322905651214
86.0	258.0	259.0	11000.0	2.319320825921065	-0.2951468808338449	2.734502742083805	-0.773720064905774	0.4151819161627399	-0.47857318407192917	-0.9353535087514757	-0.47813415324463904
86.0	258.0	260.0	11000.0	2.103173364737576	-0.06005753615916287	3.468600074415008	-0.7428376527695946	1.3654267096774317	-0.6827801166104317	-1.6896630935826238	-1.3417178535741954
86.0	259.0	260.0	11000.0	-0.14423935027941326	0.14796154763481262	0.7340973323312028	0.030882412136179482	0.878336682610616	-0.11707913549863314	-0.7543095848311481	-0.8635837003295563
87.0	261.0	262.0	12000.0	1.2837325458899063	0.6633737354620965	0.8424523441326528	-0.08900145535017145	-0.44128020175725347	-0.752375190812268	0.27441640201938355	0.246418489111349
87.0	261.0	263.0	12000.0	1.6234292759783742	0.7351281981039719	1.4450174679823249	-0.016791656441455416	-0.17841180799604928	-0.7519198545454273	0.32728915201346354	0.11078987687406538
87.0	262.0	263.0	12000.0	0.2182122909315387	0.10855822517911573	0.6025651238496721	0.07220979890871604	0.3843528329181334	-0.03634842627039969	0.05287274999407998	-0.13562861223728362
88.0	264.0	265.0	11000.0	1.3131535840292186	0.256301924368036	1.2011894405368366	-0.2914480079882651	-0.11196414349238193	-0.5477499323563011	-0.5325637162388688	-0.15351928933684178
88.0	264.0	266.0	11000.0	1.2480429657842187	-0.9972317465158644	2.5306207462572274	-1.456759087022192	1.2825777804730087	-0.4595273405063276	-1.0530921939448348	-0.5557973410306403
88.0	265.0	266.0	11000.0	0.009432238654465408	-1.2122873657222124	1.3294313057203908	-1.165311079033927	1.3199990670659254	0.04697628668828546	-0.520528477705966	-0.4022780516937985
89.0	267.0	268.0	21000.0	-1.085347557199615	0.17419496730264328	-5.876718306524481	0.7471362294245409	-4.791370749324866	0.5729412621218977	-0.05819160862702688	-0.581380506809964
89.0	267.0	269.0	21000.0	-0.3696868360624297	0.9013848129008233	-5.990942351864078	0.5652597299713307	-5.621255515801648	-0.3361250829294926	-0.9255526174698048	-1.2298912407086533
89.0	268.0	269.0	21000.0	0.7205902773403983	0.7461009150827218	-0.11422404533959707	-0.18187649945321027	-0.8348143226799953	-0.9279774145359321	-0.8673610088427779	-0.6485107338986893
90.0	270.0	271.0	22000.0	0.2936302052232964	-0.05855937176639614	1.2244900499522373	-0.20776642617033758	0.9308598447289409	-0.14920705440394144	0.19649287573240315	0.4551170830142439
90.0	270.0	272.0	22000.0	0.6784161645134512	0.5395199992920379	1.7718548026396093	-0.7967928124162427	1.093438638126158	-1.3363128117082805	0.6630430600883273	0.6065951634649451
90.0	271.0	272.0	22000.0	0.3230621131221234	0.5215342702830723	0.547364752687372	-0.5890263862459051	0.22430263956524854	-1.1105606565289774	0.4665501843559241	0.1514780804507012
91.0	273.0	274.0	12000.0	0.560201049796401	0.9399268288117169	1.3377154081149456	0.12862319327632576	0.7775143583185447	-0.8113036355353911	0.09250138982544343	-0.1707257649804177
91.0	273.0	275.0	12000.0	-1.5685228276333856	1.2132200272187328	0.4020017466818899	2.1022987145993284	1.9705245743152755	0.8890786873805956	0.9586593763928875	0.7182096436743706
91.0	274.0	275.0	12000.0	-2.0393322701298313	0.2074869303269633	-0.9357136614330557	1.9736755213230026	1.1036186086967756	1.7661885909960393	0.866157986567444	0.8889354086547883
92.0	276.0	277.0	22000.0	-2.0	-1.738616474646629	-3.087380483134666	2.4584769093357863	-1.087380483134666	4.197093383982415	-0.8456020137231945	-0.757215338217236
92.0	276.0	278.0	22000.0	-2.0	-3.58800057443724	-5.2114623171339645	1.3881850674972611	-3.2114623171339645	4.976185641934501	-2.336770123295622	-2.2695974205656455
93.0	279.0	280.0	21000.0	-1.156469683197873	0.7188140279450934	-0.04680434069632611	1.1254480603402044	1.1096653425015468	0.406634032395111	0.17450627528290852	0.5436268825268513
93.0	279.0	281.0	21000.0	-7.0	1.2693311431484782	-5.452082117549253	2.7906670584332005	1.5479178824507471	1.5213359152847223	-0.2946795930466237	-0.1438989227572307
93.0	280.0	281.0	21000.0	-6.0	0.660135402673574	-5.405277776852927	1.6652189980929961	0.5947222231470732	1.0050835954194222	-0.46918586832953224	-0.687525805284082
94.0	282.0	283.0	11000.0	0.9103014208826927	-0.14108538344558674	1.123244684767542	-0.6015689547459715	0.2129432638848492	-0.46048357130038475	0.48474723335969827	0.9061410317345349
94.0	282.0	284.0	11000.0	-0.660065537454047	0.4484558055206955	-0.28360863481020715	-0.5280121924899959	0.3764569026438398	-0.9764679980106914	0.946362335187743	1.1027081086807868
94.0	283.0	284.0	11000.0	-1.616424801837459	0.5624429485445761	-1.406853319577749	0.07355676225597563	0.2095714822597099	-0.4888861862886005	0.46161510182804477	0.19656707694625197
95.0	285.0	286.0	12000.0	0.9023512878976296	-2.224524365416336	1.1360977905064829	-1.8520951252939994	0.2337465026088532	0.3724292401223366	0.48343385917448245	-0.014232417232349803
95.0	285.0	287.0	12000.0	-1.0	-2.804806936986507	0.24595075956949586	-0.28453648535469256	1.2459507595694959	2.5202704516318146	-0.11237974975708198	-0.052832529068027156
95.0	286.0	287.0	12000.0	-2.0	-0.4947461087618663	-0.890147030936987	1.5675586399393069	1.109852969063013	2.062304748701173	-0.5958136089315644	-0.03860011183567735
96.0	288.0	289.0	12000.0	3.3175244685929512	-2.2326720329515526	6.437650884167624	-1.219290240105238	3.120126415574673	1.0133817928463147	-1.122562978690084	-1.2576433507493192
96.0	288.0	290.0	12000.0	6.929434474972975	-1.552888820671896	12.02749749991608	-3.0348504012429203	5.098063024943105	-1.4819615805710242	-1.9070489431354076	-2.1904621441089205
96.0	289.0	290.0	12000.0	3.528934816985047	0.6994870536249707	5.589846615748456	-1.8155601611376824	2.060911798763409	-2.515047214762653	-0.7844859644453237	-0.9328187933596013
97.0	291.0	293.0	21000.0	0.5191072042859979	0.048492144730409414	1.608279443868014	-0.7835178184332108	1.089172239582016	-0.8320099631636202	1.03498135684913	0.9727428328629912
97.0	292.0	293.0	21000.0	0.9930209452360828	0.238183462247183	0.9456365376911435	-0.5758790295249128	-0.04738440754493922	-0.8140624917720958	0.04046770708603731	-0.10422274010952037
98.0	294.0	295.0	22000.0	0.420531742913286	-0.75468752878347	0.22231659248518554	-0.8915661730800366	-0.19821515042810045	-0.1368786442965666	0.11686893628730388	-0.004820908180107608
98.0	294.0	296.0	22000.0	0.8250622682076187	-0.070626334062446	0.9357587972440342	-0.873552993993826	0.11069652903641547	-0.80292665993138	0.8057474172411787	0.8083610090343853
98.0	295.0	296.0	22000.0	0.3533090877497589	0.7133852543476467	0.7134422047588487	0.018013179086210585	0.3601331170090898	-0.6953720752614361	0.6888784809538748	0.813181917214493
99.0	297.0	298.0	11000.0	-3.0266908547754765	-0.20464396513929373	-3.0387147474941685	0.08380338006327293	-0.012023892718691975	0.28844734520256665	-1.9548469035583196	-1.9752996001948446
99.0	297.0	299.0	11000.0	-4.618229488208714	0.035818001235997876	-3.032255676154591	0.5461968998642988	1.5859738120541227	0.5103788986283009	-2.832325925098715	-2.6934127684536833
99.0	298.0	299.0	11000.0	-1.6666241653841336	0.2504041409272677	0.006459071339577349	0.46239351980102583	1.673083236723711	0.21198937887375813	-0.8774790215403954	-0.7181131682588386
