0.0	0.0	1.0	21000.0	-1.1744588133450566	0.3104679379220894	-0.7008942303880303	-0.14178054687931763	0.4735645829570263	-0.452248484801407	-0.6388755581971424	-0.5647219066854916
0.0	0.0	2.0	21000.0	-1.9064247359424513	1.2943856216997016	-6.7951932403716455	0.3880434890240849	-4.888768504429194	-0.9063421326756167	-0.5493219870888737	-0.7785827114399169
0.0	1.0	2.0	21000.0	-0.5295823857150133	0.883864477061854	-6.094299009983615	0.5298240359034025	-5.564716624268602	-0.35404044115845146	0.08955357110826867	-0.21386080475442526
1.0	3.0	4.0	22000.0	1.1259634719371006	1.343637706766975	4.604453565571703	2.444404906828595	3.478490093634602	1.10076720006162	-0.628685359168422	-0.6352303515622069
2.0	6.0	7.0	12000.0	-0.06075147633715883	0.44919399472373733	-1.3473717278893673	0.5304131633961333	-1.2866202515522085	0.08121916867239598	-0.5124530209033793	-0.4480422461111644
2.0	6.0	8.0	12000.0	-0.24960501607855523	0.18623965122768382	-2.1604156162293293	2.3037356832189744	-1.910810600150774	2.1174960319912906	-0.7330102449936646	-0.8207113378783362
2.0	7.0	8.0	12000.0	-0.2665385715887023	-0.2650062259477748	-0.813043888339962	1.773322519822841	-0.5465053167512597	2.038328745770616	-0.22055722409028533	-0.3726690917671718
3.0	9.0	10.0	11000.0	1.8950967288138463	-1.529193664819485	0.7725574083865467	-0.31670084284405675	-1.1225393204272995	1.2124928219754283	-0.7085142135720659	-0.4031892546218572
3.0	9.0	11.0	11000.0	2.2653185300900187	-1.8343113289274013	3.0579411095368414	-0.3493422503934198	0.7926225794468227	1.4849690785339815	-0.5320356546899845	-0.6004196172880256
3.0	10.0	11.0	11000.0	0.16459229496402727	-0.32564465029949297	2.2853837011502947	-0.032641407549363066	2.1207914061862674	0.2930032427501299	0.17647855888208142	-0.19723036266616845
4.0	12.0	13.0	22000.0	0.31276882129770467	-0.14398502479230402	0.35535956713988526	-0.2699075773034565	0.04259074584218059	-0.12592255251115247	-0.2515519932398931	-0.5643871233075757
4.0	12.0	14.0	22000.0	0.4248692914124881	-0.8867234730519629	-0.7024322924726221	-3.6272280685313945	-1.1273015838851101	-2.7405045954794316	-0.8536769930561618	-1.0615196274616565
4.0	13.0	14.0	22000.0	-0.3634642068857694	-0.6436428330068669	-1.0577918596125073	-3.357320491227938	-0.6943276527267379	-2.713677658221071	-0.6021249998162688	-0.49713250415408083
5.0	15.0	16.0	21000.0	0.018223570809954737	0.08628322912078978	0.11414199779460432	0.5849442956550774	0.09591842698464959	0.49866106653428766	-0.18093134222178264	-0.31170511057632666
5.0	15.0	17.0	21000.0	-0.4659934291541763	-0.09933780813245896	-2.7495540879308464	-0.13325836893704945	-2.28356065877667	-0.033920560804590494	-0.19944288100458607	-0.5775588895081256
5.0	16.0	17.0	21000.0	-0.4569013833137756	-0.20839663249452833	-2.8636960857254508	-0.7182026645921269	-2.406794702411675	-0.5098060320975986	-0.018511538782803427	-0.26585377893179896
6.0	18.0	19.0	11000.0	-0.3692216926836087	0.0945943463916743	-0.029859242111797357	0.4254887931547273	0.33936245057181136	0.330894446763053	0.932156038213833	0.7504875839330651
6.0	18.0	20.0	11000.0	-0.06060943145999875	-0.30632806360152376	2.997185797499469	0.7043411938011559	3.057795228959468	1.0106692574026797	1.99153254366405	1.0732767434627348
6.0	19.0	20.0	11000.0	0.15683418086051581	-0.37467007873861746	3.0270450396112665	0.2788524006464286	2.8702108587507507	0.653522479385046	1.059376505450217	0.3227891595296697
7.0	21.0	22.0	12000.0	-0.12133210012798656	0.45327411508889703	-0.6561020825347441	-0.055232338976338724	-0.5347699824067575	-0.5085064540652358	-0.26834810315622804	-0.19555800798541156
7.0	21.0	23.0	12000.0	0.4721928641815021	0.9820747059387394	-0.1770454582797356	2.050952056232518	-0.6492383224612377	1.0688773502937785	-0.8629039869754251	-0.7758644867225257
7.0	22.0	23.0	12000.0	0.45027054752863993	0.3305587991297898	0.4790566242550085	2.1061843952088566	0.02878607672636857	1.7756255960790668	-0.5945558838191971	-0.5803064787371142
8.0	24.0	25.0	11000.0	0.0016623657754770704	0.1190487177323174	-0.7300465686389543	-0.6973472793331439	-0.7317089344144314	-0.8163959970654613	0.5723673804773597	0.5172206485594657
8.0	24.0	26.0	11000.0	-0.4019720840455756	-0.19348273504721636	0.8154579980528069	-2.1543028375363065	1.2174300820983825	-1.96082010248909	1.1531455503232593	1.0591505771652194
8.0	25.0	26.0	11000.0	-0.3276245493212979	-0.17402891463464254	1.5455045666917613	-1.4569555582031626	1.8731291160130592	-1.28292664356852	0.5807781698458996	0.5419299286057537
9.0	27.0	28.0	12000.0	-0.39296646878486996	-0.06980736983957136	0.9853182522642783	0.11096807213925786	1.3782847210491482	0.18077544197882922	0.8302961703561067	0.2720342288120463
9.0	27.0	29.0	12000.0	0.24222497615520489	0.18733763196167885	2.1096432748695406	2.9982024207110953	1.8674182987143357	2.8108647887494165	0.07731986756959941	-0.1068743433651349
9.0	28.0	29.0	12000.0	0.8212129376967292	0.2955021256502963	1.1243250226052623	2.8872343485718375	0.30311208490853314	2.591732222921541	-0.7529763027865073	-0.3789085721771812
10.0	30.0	31.0	22000.0	-0.2949634841298625	1.0313096764854048	0.49137177693319245	1.818926793948549	0.786335261063055	0.7876171174631441	-0.4849486246736845	-0.43075716228937466
10.0	30.0	32.0	22000.0	-0.001240020449135848	0.9618619238161905	1.680302218984707	-0.2655754323554902	1.6815422394338428	-1.2274373561716807	-0.7014103067534876	-0.238341266819333
10.0	31.0	32.0	22000.0	0.05632155142864104	0.1208960114118467	1.1889304420515145	-2.084502226304039	1.1326088906228735	-2.205398237715886	-0.2164616820798031	0.19241589547004168
11.0	33.0	34.0	21000.0	0.4587270039780593	-0.0029857384110947294	0.2691020065824432	0.18244482735030942	-0.1896249973956161	0.18543056576140415	-0.00689841792052448	0.15910243932117396
11.0	33.0	35.0	21000.0	-0.47070938230631665	-0.712797914015356	-3.2749034947826203	-0.8272336330499002	-2.8041941124763037	-0.11443571903454419	0.29886694877116327	0.7747219255094251
11.0	34.0	35.0	21000.0	-1.0218293737163258	-0.6343525706915454	-3.5440055013650635	-1.0096784604002096	-2.5221761276487378	-0.3753258897086642	0.30576536669168775	0.6156194861882511
12.0	36.0	37.0	12000.0	0.15384327240037887	1.569212428492241	-1.3389729541183897	1.656688764347109	-1.4928162265187686	0.08747633585486803	1.5917572910795315	0.6611584714405012
12.0	36.0	38.0	12000.0	1.4696672036532883	1.765467115544661	-1.03384673292544	3.732626981111025	-2.5035139365787282	1.967159865566364	0.4630369902136948	-0.3732047738087516
12.0	37.0	38.0	12000.0	1.548922533912533	0.08058507591153408	0.30512622119294974	2.075938216763916	-1.2437963127195832	1.995353140852382	-1.1287203008658366	-1.0343632452492528
13.0	39.0	40.0	22000.0	0.14370792415315403	-0.16875612590052036	0.48591853967536736	-0.26353098382742246	0.3422106155222133	-0.0947748579269021	0.2585747528777915	0.02655614160393327
13.0	39.0	41.0	22000.0	0.31237667840367234	-0.5357619197786221	0.7455377209091694	-3.199236929948256	0.43316104250549703	-2.663475010169634	0.1685597458507715	0.2705789676251271
13.0	40.0	41.0	22000.0	0.03947573101381341	-0.3606473900137086	0.259619181233802	-2.9357059461208337	0.2201434502199886	-2.575058556107125	-0.09001500702702003	0.24402282602119385
14.0	42.0	43.0	21000.0	-1.8148954768987462	0.6537741679600693	-1.4868207743429593	0.7505611792244054	0.32807470255578686	0.09678701126433609	-0.061965622441988444	0.2185782693901217
14.0	42.0	44.0	21000.0	-1.2622605536591438	0.5992765589856051	-2.4453542459480104	0.9355423320537284	-1.1830936922888666	0.33626577306812333	0.1143745627184245	-0.051331628391956485
14.0	43.0	44.0	21000.0	0.38342290289138425	-0.04286458427160156	-0.9585334716050511	0.18498115282932304	-1.3419563744964353	0.2278457371009246	0.17634018516041294	-0.2699098977820782
15.0	45.0	47.0	11000.0	0.7107679946913565	-0.17637718197669194	-6.911029799067592	5.059164599347923	-7.621797793758948	5.235541781324615	-2.2298710969095197	-5.03122731652639
16.0	48.0	49.0	22000.0	0.05971383294311927	0.8169732013979107	-1.1045071950675265	0.18692729364147453	-1.1642210280106458	-0.6300459077564362	-0.6599976512533061	-0.42765208452628656
16.0	48.0	50.0	22000.0	0.7624443659555373	0.8612058326952612	-0.3515933724365823	-0.8317075250702146	-1.1140377383921196	-1.6929133577654758	0.13240761197673123	0.41585649613422504
16.0	49.0	50.0	22000.0	0.5931148217221152	-0.08965282306567879	0.7529138226309442	-1.0186348187116891	0.15979900090882904	-0.9289819956460104	0.7924052632300373	0.8435085806605116
17.0	51.0	52.0	21000.0	-0.09592350893820445	-0.12816022655971082	-0.18714365286200518	0.052698772115718384	-0.09122014392380073	0.1808589986754292	-0.5023114603980332	-0.518370582374601
17.0	51.0	53.0	21000.0	-0.07373080510245344	-0.28821047537226097	-2.9335471176243573	-0.34480788359019243	-2.859816312521904	-0.056597408217931466	-1.1988850430255127	-1.001675203704508
17.0	52.0	53.0	21000.0	0.03776506589382489	-0.05983200752117135	-2.746403464762352	-0.3975066557059108	-2.784168530656177	-0.33767464818473947	-0.6965735826274795	-0.48330462132990704
18.0	54.0	55.0	11000.0	0.10063056928659897	-0.3357497588936251	0.36720088173683507	-1.1175763794635714	0.2665703124502361	-0.7818266205699462	-0.12553538148691246	-0.5194808414440217
18.0	54.0	56.0	11000.0	1.0444611937121628	-0.2647297177792396	2.6849864967896337	-0.4023198612185297	1.640525303077471	-0.1375901434392901	0.11071598302789454	-0.5120793089352418
18.0	55.0	56.0	11000.0	0.8440982808945199	0.5073928968324459	2.3177856150527987	0.7152565182450417	1.4736873341582788	0.20786362141259573	0.236251364514807	0.007401532508779951
19.0	57.0	58.0	12000.0	-1.4949106967952783	0.7308669943078687	-1.0059441949877055	0.5192547524673046	0.48896650180757284	-0.21161224184056415	-0.48582232006955905	-0.4340907207127884
19.0	57.0	59.0	12000.0	-2.0050767139521497	1.2087177381986605	-0.35625201730385925	2.801184065497182	1.6488246966482905	1.5924663272985216	-1.2560782676643996	-1.211946248844903
19.0	58.0	59.0	12000.0	-0.2847952139433856	0.23833512037764137	0.6496921776838462	2.2819293130298774	0.9344873916272318	2.043594192652236	-0.7702559475948405	-0.7778555281321147
20.0	60.0	61.0	12000.0	-0.09264108236808433	-0.44716849784972545	-0.05964789558333905	-1.1003838824613013	0.032993186784745276	-0.6532153846115758	-0.21839857568264875	-0.23977703075905055
20.0	60.0	62.0	12000.0	-0.0510915176141955	-0.35229940225126377	0.23546583252505116	1.6570766631530205	0.28655735013924666	2.0093760654042843	0.8308777656980553	0.24961404511420682
20.0	61.0	62.0	12000.0	-0.15417008384780573	0.14461112442057722	0.2951137281083902	2.7574605456143217	0.44928381195619593	2.6128494211937445	1.049276341380704	0.48939107587325736
21.0	63.0	64.0	21000.0	0.29250092406596373	0.36618149300203573	0.1793214819390414	0.7815126157418035	-0.11317944212692232	0.4153311227397678	-0.28913675401917516	-0.5528100912148517
21.0	63.0	65.0	21000.0	0.6898273178564747	0.06723050926455532	-2.303875904706274	0.4741800722154039	-2.9937032225627487	0.4069495629508486	-0.9765165276824277	-0.7292589732680668
21.0	64.0	65.0	21000.0	0.09115164967749934	-0.33210949266674916	-2.4831973866453154	-0.3073325435263996	-2.5743490363228148	0.024776949140349558	-0.6873797736632525	-0.17644888205321507
22.0	66.0	67.0	22000.0	-0.4093543232151964	0.20439259724914205	-0.5563315105314359	0.033952156930126876	-0.14697718731623954	-0.17044044031901517	-0.4910912362090656	-0.16218745771055154
22.0	66.0	68.0	22000.0	-0.334709085749334	1.5629745363441208	0.1591665601688419	0.0995811206930739	0.4938756459181759	-1.4633934156510469	-0.7485251522139365	-0.5653198787302358
22.0	67.0	68.0	22000.0	0.31013357382380846	1.091782424999745	0.7154980707002778	0.06562896376294702	0.40536449687646936	-1.026153461236798	-0.25743391600487087	-0.4031324210196843
23.0	70.0	71.0	11000.0	-0.1249972582263208	-0.12522917509752673	0.37046287005591694	-0.7768292869852758	0.49546012828223773	-0.651600111887749	-0.9908816968367589	-1.2620044838453381
24.0	72.0	73.0	11000.0	-0.42814458070441574	-0.2340524499976695	-0.5486244847415946	-0.20568862631262164	-0.1204799040371789	0.028363823685047862	-0.5925990026330012	-0.6698731990876183
24.0	72.0	74.0	11000.0	0.5979801792474086	-0.9982563381951959	2.183298382680732	-0.6793818574101351	1.5853182034333235	0.31887448078506075	-1.0129664379927377	-1.3793905365930073
24.0	73.0	74.0	11000.0	0.7669879285154746	-0.71759851391643	2.731922867422327	-0.4736932310975135	1.9649349389068522	0.24390528281891655	-0.4203674353597364	-0.7095173375053889
25.0	75.0	76.0	21000.0	-0.3864454336329972	-0.6389766049565235	0.10139414984769246	-1.1142742011329574	0.4878395834806897	-0.47529759617643386	-0.3388825594419842	-0.43139631240980236
25.0	75.0	77.0	21000.0	0.037716903890109954	-0.3229496155058742	-1.435126517732897	-1.13458279998963	-1.4728434216230069	-0.8116331844837559	-0.670388709758754	-0.8081262090813013
25.0	76.0	77.0	21000.0	0.1941720121321806	0.2140808418094169	-1.5365206675805894	-0.02030859885667269	-1.73069267971277	-0.23438944066608958	-0.3315061503167698	-0.3767298966714989
26.0	78.0	79.0	22000.0	-0.08901066993283191	-0.23857595480568428	-2.652157083570046	1.4413276039674656	-2.563146413637214	1.67990355877315	-1.0203620612299176	-1.0642880864345656
26.0	78.0	80.0	22000.0	0.32297542644655053	-0.4158784591187459	-2.46486973147762	0.579846709488038	-2.7878451579241705	0.9957251686067838	-1.6104483510754477	-1.7237328095546047
26.0	79.0	80.0	22000.0	0.4423816839905612	-0.13899182951985978	0.18728735209242586	-0.8614808944794277	-0.25509433189813535	-0.7224890649595679	-0.5900862898455301	-0.6594447231200391
27.0	81.0	82.0	12000.0	0.16714821252139522	0.47597799732048784	5.084736899605787	1.9822802899066119	4.9175886870843915	1.506302292586124	0.9921430162443414	1.0152923201204018
27.0	81.0	83.0	12000.0	0.06003303556760464	0.5247683929458917	6.239697381350879	4.7406780072246875	6.179664345783275	4.215909614278796	0.9548597602287074	0.9733260699694597
27.0	82.0	83.0	12000.0	-0.25143862689721885	-0.07348445709393392	1.1549604817450927	2.7583977173180756	1.4063991086423115	2.8318821744120095	-0.03728325601563398	-0.04196625015094213
28.0	84.0	85.0	22000.0	-0.19857763926063043	-0.36982427672236184	0.021377672102516954	-0.9165275179061609	0.2199553113631474	-0.5467032411837991	2.821747415282516e-05	0.02274599126590715
28.0	84.0	86.0	22000.0	0.6092522929480699	0.23565337911962025	1.0957468770297965	-1.2290701239053305	0.4864945840817265	-1.4647235030249508	-0.4256325731938162	-0.46301406948995094
28.0	85.0	86.0	22000.0	0.9647486735565369	0.9136868453087539	1.0743692049272795	-0.3125426059991696	0.10962053137074257	-1.2262294513079235	-0.425660790667969	-0.4857600607558581
29.0	87.0	89.0	21000.0	1.2331903813619096	-1.3113492074321913	8.62776558418409	-6.24685661507192	7.39457520282218	-4.9355074076397285	1.0354114259872063	1.4064265511448397
29.0	88.0	89.0	21000.0	0.019431797122935635	-0.685419825331735	-2.8572763820870932	-1.1059936503950212	-2.876708179210029	-0.4205738250632862	0.8538408401407764	0.8670501923928384
30.0	90.0	91.0	11000.0	-0.5764081542986386	0.6518788604355477	-0.8027566422736072	0.6367933370543142	-0.22634848797496865	-0.015085523381233479	0.15211074588367524	-0.0054921901467750445
30.0	90.0	92.0	11000.0	-0.3523448159145035	0.7501129976297394	1.1955629127580778	0.9776630289898094	1.5479077286725813	0.22755003136007002	-0.1808300835474057	-0.25020051440728963
30.0	91.0	92.0	11000.0	0.10063198255001726	0.19849175798258578	1.998319555031685	0.3408696919354952	1.8976875724816678	0.14237793395290943	-0.33294082943108094	-0.2447083242605146
31.0	93.0	94.0	12000.0	0.05272630389410704	-0.47377584068993706	0.3872235287149124	-0.9029745355660452	0.33449722482080535	-0.4291986948761082	-0.5147240132601141	-0.8695143869424555
31.0	93.0	95.0	12000.0	0.14710232991553607	0.4263737930956051	0.43004237339641804	2.7207422749179386	0.282940043480882	2.2943684818223335	-1.611274170919657	-1.7600386748427823
31.0	94.0	95.0	12000.0	0.1572692404767686	1.1432255196339067	0.04281884468150565	3.623716810483984	-0.11445039579526295	2.480491290850077	-1.096550157659543	-0.8905242879003268
32.0	96.0	97.0	22000.0	-0.031243151415068837	-0.4909990925528769	0.5175152347264884	2.215354252508405	0.5487583861415573	2.706353345061282	-0.416079437710394	-0.7483878172113307
32.0	96.0	98.0	22000.0	0.22321799034240275	-1.6143091037698785	1.2014179616635374	-0.6072003583203696	0.9781999713211347	1.007108745449509	-0.32992001623813394	-0.5006799533600699
32.0	97.0	98.0	22000.0	-0.007667651393095554	-0.47324331223129157	0.683902726937049	-2.8225546108287745	0.6915703783301446	-2.349311298597483	0.08615942147226008	0.24770786385126087
33.0	99.0	100.0	12000.0	-0.07762382927062639	0.10595541348347837	0.12269938134340919	-0.004465864433768729	0.20032321061403557	-0.1104212779172471	-0.15530050161487452	-0.1390651645917984
33.0	99.0	101.0	12000.0	-0.7143637038320465	0.8508007505225486	-0.7066702544875625	2.8127473808144714	0.007693449344484016	1.9619466302919228	-0.6500095619490196	-0.9432213241476504
33.0	100.0	101.0	12000.0	-0.36071068352300717	0.344335432216492	-0.8293696358309717	2.81721324524824	-0.4686589523079645	2.472877813031748	-0.4947090603341451	-0.804156159555852
34.0	102.0	103.0	11000.0	-0.06661927451910543	-0.4326061813154851	-0.26743824396044147	-0.8610103984560737	-0.20081896944133604	-0.42840421714058863	-0.3964481860171247	-0.288189665295441
34.0	102.0	104.0	11000.0	-0.11890926784366052	-0.8181371315961092	1.7938866669016988	-1.1303370042778624	1.9127959347453594	-0.3121998726817532	-1.0322692986198945	-0.636129812614918
34.0	103.0	104.0	11000.0	-0.10495904840795856	-0.1550761618263774	2.0613249108621403	-0.2693266058217887	2.166283959270099	-0.11425044399541129	-0.6358211126027697	-0.347940147319477
35.0	105.0	106.0	21000.0	-0.07695256771083514	-0.16373113200509337	-3.718294890132711	0.27364271202304735	-3.6413423224218757	0.4373738440281407	0.24630516729020968	0.11148886402104807
35.0	105.0	107.0	21000.0	-0.8368710916210471	0.9280612368022538	-5.824779129886338	0.9494501107697033	-4.9879080382652905	0.021388873967449484	0.05344312363021686	0.02060400784856853
35.0	106.0	107.0	21000.0	-0.7981217997929084	1.0111561110996252	-2.1064842397536268	0.675807398746656	-1.3083624399607183	-0.33534871235296926	-0.19286204365999282	-0.09088485617247954
36.0	108.0	109.0	11000.0	-0.3806259430188348	-1.093926537433732	-0.056960719544122185	-1.4947384478928143	0.3236652234747126	-0.4008119104590824	-0.1370791643649767	-0.4710634479760287
36.0	108.0	110.0	11000.0	-0.10677891147809948	-2.505113832156562	1.9608097826908306	-2.6338997497691707	2.06758869416893	-0.1287859176126087	-0.6305209999803623	-0.8311908148281475
36.0	109.0	110.0	11000.0	0.0722068761705481	-0.914593428516306	2.017770502234953	-1.1391613018763564	1.9455636260644047	-0.22456787336005046	-0.49344183561538557	-0.36012736685211877
37.0	111.0	112.0	21000.0	0.28312074584958147	-0.03857888888141403	0.4837668433901854	0.1237100531507167	0.20064609754060392	0.16228894203213073	-0.33717728394097435	-0.7697123364417209
37.0	111.0	113.0	21000.0	0.43016661872877204	-0.8079847746247086	-2.0017570550203345	-0.9174994295133274	-2.4319236737491066	-0.10951465488861878	-0.8030002972377872	-0.8668917505834699
37.0	112.0	113.0	21000.0	-0.12998367653992648	-0.5806374120832665	-2.48552389841052	-1.0412094826640441	-2.3555402218705934	-0.46057207058077765	-0.46582301329681286	-0.09717941414174902
38.0	114.0	115.0	22000.0	0.037926077870260144	0.22295970860885284	0.31456001814649426	0.45101207934590093	0.2766339402762341	0.2280523707370481	-0.7552506104477956	-0.6667463301643224
38.0	114.0	116.0	22000.0	-0.25229337387730233	0.47395716113278663	0.576233457503804	-1.8051536426748953	0.8285268313811063	-2.279110803807682	-1.6118246166236645	-1.202492301046334
38.0	115.0	116.0	22000.0	-0.3287591587519625	0.23470526734603858	0.2616734393573097	-2.2561657220207962	0.5904325981092722	-2.490870989366835	-0.8565740061758689	-0.5357459708820116
39.0	117.0	118.0	12000.0	0.054794287747992776	0.5241235243020741	-0.21973753027850762	0.9856026209984066	-0.2745318180265004	0.46147909669633247	-0.1536491243131053	-0.12310405053536755
39.0	117.0	119.0	12000.0	-0.0015591992937586951	0.3237345950775943	-0.6216196849418338	2.5250686340475568	-0.6200604856480751	2.2013340389699625	0.4502984614724852	0.33725908051246023
39.0	118.0	119.0	12000.0	-0.2125597212092547	-0.09563613656400172	-0.4018821546633262	1.5394660130491502	-0.18932243345407151	1.635102149613152	0.6039475857855905	0.4603631310478278
40.0	120.0	121.0	22000.0	0.707884557756679	-0.21915832588456485	1.2371878799758633	-0.3581341228500605	0.5293033222191843	-0.13897579696549567	-0.980525544436162	-0.8763766475986614
40.0	120.0	122.0	22000.0	0.9355354730876355	-1.7869374266687128	1.4145330484775513	-4.542633597686745	0.47899757538991583	-2.755696171018032	-2.2771393935798017	-1.7133029886954034
40.0	121.0	122.0	22000.0	0.014832438103801415	-1.480723430735976	0.17734516850168802	-4.184499474836684	0.1625127303978866	-2.7037760441007084	-1.2966138491436396	-0.836926341096742
41.0	123.0	124.0	21000.0	0.07645412431195187	0.22790842617837903	0.6039024227657137	0.3216122915014239	0.5274482984537618	0.09370386532304487	-0.700406397089381	-0.6596201523384408
41.0	123.0	125.0	21000.0	-0.32653830374496096	1.2884559346399573	-2.306915240314538	1.3514269239242367	-1.9803769365695771	0.06297098928427936	-1.6316628881014381	-1.5021506287144035
41.0	124.0	125.0	21000.0	-0.4037623846958063	0.9996690214535082	-2.910817663080252	1.0298146324228128	-2.5070552783844455	0.03014561096930457	-0.9312564910120571	-0.8425304763759627
42.0	126.0	127.0	11000.0	0.3330525943830551	0.08505998552057736	0.31487376942141054	0.19411539817497214	-0.01817882496164458	0.10905541265439478	-0.6869323843130033	-0.9733610095211844
42.0	126.0	128.0	11000.0	0.359268397137801	-0.3288396003570133	2.349647249691998	-0.1540286369659043	1.9903788525541968	0.17481096339110902	-1.3564421386406806	-1.6597720572420585
42.0	127.0	128.0	11000.0	-0.0439554359676233	-0.32586979661409465	2.0347734802705872	-0.34814403514087644	2.0787289162382105	-0.022274238526781787	-0.6695097543276773	-0.686411047720874
43.0	129.0	130.0	12000.0	-0.49760702523776246	-0.038712248131554716	-0.39727240339425407	-0.21547684692450275	0.10033462184350839	-0.17676459879294804	-0.008641254854268254	0.3907876680566531
43.0	129.0	131.0	12000.0	-0.7686101812903958	-0.21656384332272882	-0.4418988209224608	1.770125087157112	0.326711360367935	1.9866889304798407	0.8102671880075718	0.8917810014419629
43.0	130.0	131.0	12000.0	-0.08821421812494101	-0.06489686827840124	-0.04462641752820673	1.9856019340816147	0.04358780059673428	2.050498802360016	0.8189084428618401	0.5009933333853098
44.0	132.0	133.0	22000.0	-0.017383736419402496	0.06837805909458794	-0.02644834248258121	-0.10734514308501275	-0.009064606063178715	-0.1757232021796007	-0.5870097702507877	-0.5585122745265068
44.0	132.0	134.0	22000.0	0.49095498876371924	0.29247038056136887	0.2056073166365877	-1.4807215887792609	-0.2853476721271315	-1.7731919693406297	-1.362805525527051	-1.1051561764163509
44.0	133.0	134.0	22000.0	0.29649993489834614	0.15553437755595834	0.23205565911916892	-1.373376445694248	-0.06444427577917722	-1.5289108232502064	-0.7757957552762633	-0.5466439018898441
45.0	135.0	136.0	21000.0	0.7338563438563082	-1.1419843589925707	0.7149131802420925	-1.1422776795770915	-0.018943163614215663	-0.00029332058452080645	-0.9387719528390193	-0.2981330717178494
45.0	135.0	137.0	21000.0	0.5058762518866748	-0.9991716093666012	-2.2737701289838697	-0.8969864106493333	-2.7796463808705445	0.10218519871726794	-1.976320362342733	-1.464427501816111
45.0	136.0	137.0	21000.0	-0.02406611415907367	0.11863779758129311	-2.988683309225962	0.2452912689277582	-2.9646171950668885	0.1266534713464651	-1.0375484095037137	-1.1662944300982616
46.0	138.0	139.0	12000.0	0.020092222055335007	-0.21896035219436794	0.3648723267751848	-0.13429959600830443	0.34478010471984977	0.0846607561860635	-0.28416028806988436	-0.2174721438170124
46.0	138.0	140.0	12000.0	-1.5972501192828483	0.34002036965817073	-1.5180714555312989	2.6440349878118923	0.07917866375154947	2.3040146181537215	-0.29300364561662207	-0.24998465263466585
46.0	139.0	140.0	12000.0	-1.3778849443036068	0.6717464089102538	-1.8829437823064836	2.7783345838201967	-0.5050588380028769	2.106588174909943	-0.008843357546737707	-0.03251250881765344
47.0	141.0	142.0	11000.0	-0.8376322797569813	0.5393356331330823	-2.444015652667076	-0.026229257736986256	-1.606383372910095	-0.5655648908700686	0.10600582282720694	0.0867509190709157
47.0	141.0	143.0	11000.0	-0.11263541019668821	0.0392386835808729	-1.3172467907970713	-0.16913575265675718	-1.204611380600383	-0.20837443623763008	0.4566617232138057	0.5731518224386463
47.0	142.0	143.0	11000.0	0.4349971446037504	-0.2572763386613941	1.126768861870005	-0.14290649491977092	0.6917717172662545	0.11436984374162318	0.3506559003865988	0.48640090336773056
48.0	144.0	145.0	22000.0	0.4617478683342222	-0.22420556624203858	0.7784591416229887	0.4094231277088056	0.31671127328876647	0.6336286939508442	-0.14012051989175234	-0.22871286972724647
48.0	144.0	146.0	22000.0	-0.16378614282202886	-0.752883295970876	-0.19149203622350797	-2.270490056632525	-0.02770589340147911	-1.517606760661649	0.2062740460041539	0.2940582018333373
48.0	145.0	146.0	22000.0	-0.8841619280496511	-0.4663472434060534	-0.9699511778464966	-2.6799131843413306	-0.08578924979684555	-2.2135659409352773	0.3463945658959062	0.5227710715605838
49.0	147.0	148.0	21000.0	0.17277219498145246	0.11428150550775129	-9.206453416927616	-1.367898445508672	-9.379225611909067	-1.4821799510164233	-0.9437396502372053	-0.35309136037747635
49.0	147.0	149.0	21000.0	-0.25894728089331487	0.3316530673462319	-8.626809014519495	-0.9534762663706715	-8.36786173362618	-1.2851293337169034	-1.3791694392264446	-0.7345633664521216
49.0	148.0	149.0	21000.0	-0.401071284889837	0.2048631637843128	0.5796444024081211	0.4144221791380005	0.9807156872979581	0.2095590153536877	-0.43542978898923934	-0.38147200607464526
50.0	150.0	151.0	12000.0	0.2615695314292603	0.0507541576582895	-0.24511912790353563	0.034124106837225554	-0.5066886593327959	-0.016630050821063946	-0.1548171983223341	-0.023181018383262142
50.0	150.0	152.0	12000.0	0.6498209785538727	0.5504296797135968	-0.6865787242327315	2.6274783942569684	-1.3363997027866041	2.0770487145433716	-0.017698721971726172	-0.10875485863685697
50.0	151.0	152.0	12000.0	0.12946631429699806	0.21621714584840035	-0.44145959632919585	2.593354287419743	-0.5709259106261939	2.3771371415713425	0.13711847635060792	-0.08557384025359482
51.0	153.0	154.0	11000.0	0.05253496276325986	0.13904566745450264	-0.45400492435942397	0.16232802300100957	-0.5065398871226838	0.023282355546506928	-0.34827691835516106	-0.6376613576169277
51.0	153.0	155.0	11000.0	0.20826484167588344	-0.037668605924260135	1.5297791645887173	0.2518577780651867	1.3215143229128339	0.28952638398944686	-0.8804194402595797	-0.858412286790589
51.0	154.0	155.0	11000.0	0.06195436459263082	-0.07899009188876427	1.9837840889481413	0.08952975506417715	1.9218297243555105	0.16851984695294142	-0.5321425219044187	-0.22075092917366135
52.0	156.0	157.0	21000.0	0.23316809807158556	-0.08015493591122969	-0.1258721912774945	0.008331819394015838	-0.35904028934908006	0.08848675530524552	-0.9051718644100504	-0.6137106634235181
52.0	156.0	158.0	21000.0	-0.17603181077529317	0.18949247284712456	-1.8362985661865423	-0.0900756217356502	-1.6602667554112491	-0.27956809458277476	-1.4480683396999154	-1.379989489691205
52.0	157.0	158.0	21000.0	-0.246088678713547	0.18156234439259222	-1.7104263749090478	-0.09840744112966604	-1.4643376961955008	-0.27996978552225826	-0.5428964752898651	-0.766278826267687
53.0	159.0	160.0	11000.0	-0.06949978691402148	-0.44293497403099025	-5.096320821216523	1.1406898024260954	-5.026821034302501	1.5836247764570857	-0.40788711464081473	-0.7453263659076512
53.0	159.0	161.0	11000.0	0.6592754733182389	-0.972764363775191	-1.9094052981668028	0.6358078718039906	-2.5686807714850417	1.6085722355791816	-0.9116092277995449	-1.4154432502468168
53.0	160.0	161.0	11000.0	0.4240770712512001	-0.11776703445864456	3.18691552304972	-0.5048819306221048	2.76283845179852	-0.3871148961634603	-0.5037221131587302	-0.6701168843391656
54.0	163.0	164.0	12000.0	-1.5563010106226631	0.8795860814436498	-1.7049888649498826	1.2325852977833165	-0.14868785432721943	0.3529992163396667	-0.07776615797260433	-0.282354326963997
55.0	165.0	166.0	22000.0	-0.1739506916142446	0.3688044580848375	-0.02664395786928253	1.1848797513807767	0.14730673374496206	0.8160752932959392	-0.6383876978929948	-0.6424507379132507
55.0	165.0	167.0	22000.0	0.05901327689114222	0.26164946133989453	0.11123953172341317	-0.5216335816007813	0.052226254832270946	-0.7832830429406759	-1.1039484501545331	-0.5208848438371234
55.0	166.0	167.0	22000.0	0.31064499319306993	-0.09828483444415781	0.1378834895926957	-1.706513332981558	-0.17276150360037423	-1.6082284985374002	-0.46556075226153837	0.12156589407612728
56.0	168.0	169.0	22000.0	-0.27584890366727155	-1.1522554257936344	-3.4961901772583133	0.4359381484152891	-3.2203412735910417	1.5881935742089235	-0.276850802240709	-0.29862357218033253
56.0	168.0	170.0	22000.0	0.30887043005601456	-2.114818921761006	-2.658527043616232	-1.8857722177410778	-2.9673974736722464	0.229046704019928	-1.0401750632266626	-1.0687999050827273
56.0	169.0	170.0	22000.0	0.4332750007982149	-0.7539190800055007	0.8376631336420814	-2.321710366156367	0.40438813284386654	-1.5677912861508663	-0.7633242609859536	-0.7701763329023947
57.0	171.0	172.0	12000.0	-0.9274831740411491	-0.38805506607367857	-0.9890406905524287	-0.8448223413322467	-0.06155751651127961	-0.4567672752585681	0.05319031091599413	0.18943149778496604
58.0	175.0	176.0	11000.0	0.2787225521976282	-0.8599304052953283	0.7646868771505524	-2.4252757284557447	0.4859643249529242	-1.5653453231604164	0.5564893442269749	0.48382961077709297
59.0	177.0	178.0	21000.0	-0.3665066078480814	0.5873168253914454	8.854019518618315	-0.43021299955580616	9.220526126466396	-1.0175298249472515	-1.1164926259192	-0.6015626593697689
59.0	177.0	179.0	21000.0	-0.758770571123061	0.6923259701620115	7.745708735146309	-0.4799476861112453	8.50447930626937	-1.1722736562732567	-1.8367217181708355	-1.1989160811753123
59.0	178.0	179.0	21000.0	-0.2586881141011901	0.04038083970075057	-1.1083107834720067	-0.04973468655543911	-0.8496226693708167	-0.09011552625618968	-0.7202290922516354	-0.5973534218055434
60.0	180.0	181.0	11000.0	0.0022204707822757186	0.026654586338362485	-0.3851003453225985	0.09131720379150465	-0.38732081610487423	0.06466261745314217	-0.4563795894353362	-0.39035580984553064
60.0	180.0	182.0	11000.0	0.1752578152099833	0.26464256642396045	1.498514375029572	0.6204977939444234	1.3232565598195887	0.35585522752046295	-0.6435326115219127	-0.8899807929831951
60.0	181.0	182.0	11000.0	0.1636705346665117	0.18284697940908412	1.8836147203521705	0.5291805901529187	1.7199441856856588	0.3463336107438346	-0.18715302208657647	-0.49962498313766446
61.0	183.0	184.0	12000.0	0.854618442421998	-0.3018310740296508	0.7823716732186767	0.3791500751544845	-0.07224676920332129	0.6809811491841353	-0.06153954795610872	-0.5890963294769236
61.0	183.0	185.0	12000.0	0.03938574679314488	0.184828070751073	-0.1824269764933888	2.878979232847996	-0.22181272328653368	2.694151162096923	-0.21463023264534087	-0.8043648262838943
61.0	184.0	185.0	12000.0	-1.0009861660954504	0.5298136083545266	-0.9647986497120655	2.4998291576935117	0.03618751638338491	1.970015549338985	-0.15309068468923215	-0.2152684968069707
62.0	186.0	187.0	21000.0	-1.2416365647557583	-0.41431885430671134	-1.3246526874224855	-0.8636600426766563	-0.0830161226667272	-0.44934118836994497	0.0024471965128043394	-0.002390220863759396
62.0	186.0	188.0	21000.0	-0.24085154906738904	-0.015957509206958598	-2.2208016114755083	-0.32183245624310075	-1.9799500624081192	-0.30587494703614215	-0.22390099769479832	0.05638222996785203
62.0	187.0	188.0	21000.0	0.4783475050407242	0.3021845309461755	-0.8961489240530227	0.5418275864335556	-1.374496429093747	0.23964305548738007	-0.22634819420760266	0.05877245083161142
63.0	189.0	190.0	22000.0	0.32366423589210136	0.2078396510959255	0.7158462123786649	0.5055324897148239	0.3921819764865635	0.2976928386188984	-0.7121528017254661	-0.4382653196577522
63.0	189.0	191.0	22000.0	-0.03637189121370099	0.27087604944363264	0.08136374598302609	-1.1671747906757446	0.11773563719672708	-1.4380508401193772	-0.9719495916901266	-0.5031629010370793
63.0	190.0	191.0	22000.0	-0.3132206236873074	0.003995177870057098	-0.6344824663956388	-1.6727072803905685	-0.32126184270833136	-1.6767024582606256	-0.2597967899646605	-0.06489758137932711
64.0	192.0	193.0	22000.0	0.3513135101874463	0.5068969545248905	0.2427659458026028	0.6775800171810715	-0.10854756438484348	0.17068306265618105	-0.3387585875842589	-0.08216397073542225
64.0	192.0	194.0	22000.0	0.1278245898057726	0.4165290942168278	0.19131143177423837	-1.153171735083788	0.06348684196846577	-1.5697008293006158	-0.7968753366614436	-0.8496137888014843
64.0	193.0	194.0	22000.0	-0.19959548094650614	0.007172748123386086	-0.05145451402836443	-1.8307517522648595	0.14814096691814171	-1.8379245003882456	-0.4581167490771847	-0.767449818066062
65.0	195.0	196.0	11000.0	0.5399900061469562	0.026975421949924083	0.6382822785064945	-0.5064565617440167	0.0982922723595383	-0.5334319836939407	-0.22420798535299014	0.47791519210145594
65.0	195.0	197.0	11000.0	-0.1674811123559241	-0.5549868938526412	2.3447144989979734	-2.1955567185373184	2.5121956113538975	-1.6405698246846772	0.005238511131160806	0.2309354051471928
65.0	196.0	197.0	11000.0	-0.8765104069856635	-0.83266028954246	1.7064322204914788	-1.6891001567933017	2.5829426274771423	-0.8564398672508418	0.22944649648415094	-0.24697978695426315
66.0	198.0	199.0	21000.0	0.014933232764780868	0.4258914160034113	0.3868120490083129	0.5983729668562319	0.37187881624353203	0.17248155085282058	0.7146489387740971	0.780319566197953
66.0	198.0	200.0	21000.0	0.20994294357245735	0.7137808726089547	-0.09689337538111431	0.49266753851657086	-0.30683631895357166	-0.22111333409238387	0.8650300961647943	0.9550226367761709
66.0	199.0	200.0	21000.0	0.09364002521718806	0.14736355278476143	-0.4837054243894272	-0.10570542833966101	-0.5773454496066153	-0.25306898112442244	0.15038115739069724	0.174703070578218
67.0	201.0	202.0	12000.0	-0.39446335877566874	0.0038043965792011747	-0.14618333243606685	-0.14974738533101117	0.2482800263396019	-0.15355178191021235	-0.08430059177430849	-0.3663148847363402
67.0	201.0	203.0	12000.0	0.07336445418549431	-0.062231904072143074	0.3857021375426939	2.1666003287775766	0.3123376833571996	2.2288322328497197	-0.04800565510419119	-0.28381526993780426
67.0	202.0	203.0	12000.0	0.344804735383172	-0.02212058286347318	0.5318854699787607	2.3163477141085878	0.18708073459558872	2.338468296972061	0.036294936670117295	0.08249961479853596
68.0	204.0	205.0	11000.0	-0.32136560427339056	1.2026442875249428	-0.567748071131291	1.0918946924334705	-0.24638246685790044	-0.11074959509147231	0.27246496677727805	0.011186651989206098
68.0	204.0	206.0	11000.0	-0.5559652317085817	1.6648116437298661	0.8894771519828737	1.420416454865972	1.4454423836914554	-0.24439518886389422	0.6626030318831795	0.45429131820496593
68.0	205.0	206.0	11000.0	-0.11461118964544958	0.291514485814373	1.4572252231141647	0.3285217624325014	1.5718364127596143	0.037007276618128415	0.39013806510590143	0.44310466621575983
69.0	207.0	208.0	12000.0	0.1887141196662805	0.40380698986417674	0.67394036394262	0.7663238710135829	0.48522624427633954	0.36251688114940617	-0.7477453186575218	-1.107814282457511
69.0	207.0	209.0	12000.0	-1.139824437219401	0.6930184695832571	-0.47281222715128024	2.696254259559282	0.6670122100681208	2.003235789976025	-1.3304579232410134	-2.0476187190054986
69.0	208.0	209.0	12000.0	-1.5625862036440434	0.23513734869038494	-1.1467525910939003	1.9299303885456993	0.4158336125501432	1.6947930398553144	-0.5827126045834916	-0.9398044365479876
70.0	210.0	211.0	21000.0	0.1366669974686392	-0.009278627611268853	-0.1718819592742875	-0.4001541487650684	-0.3085489567429267	-0.39087552115379953	-0.8611418016755437	0.10287933495331458
70.0	210.0	212.0	21000.0	-0.07669891486247149	-0.14803848370191108	-1.4848992101274234	-0.4298739084024419	-1.408200295264952	-0.2818354247005308	-0.916983561206365	-0.22131995921769487
70.0	211.0	212.0	21000.0	-0.32776757755253705	-0.20245481928028486	-1.313017250853136	-0.0297197596373735	-0.9852496733005989	0.17273505964291136	-0.05584175953082138	-0.32419929417100946
71.0	213.0	214.0	22000.0	-1.1411058354623194	-1.123770396322561	-0.0028414930329745403	-1.870157524971546	1.1382643424293448	-0.7463871286489852	-1.0501385597259798	-0.9449566771310387
71.0	213.0	215.0	22000.0	0.04186321610717414	-2.02223577384244	0.40402615918128504	-4.5838328692912	0.3621629430741109	-2.56159709544876	-1.5705048516697104	-0.9477541952381117
71.0	214.0	215.0	22000.0	1.1083625558085206	-0.8075669044885521	0.4068676522142596	-2.713675344319654	-0.701494903594261	-1.906108439831102	-0.5203662919437306	-0.0027975181070729604
72.0	216.0	217.0	21000.0	-1.6111681228287171	-0.20458294874713356	-1.311444901397408	-0.7520066518804924	0.29972322143130903	-0.5474237031333589	-1.0447806500526724	-0.8087539527406804
72.0	216.0	218.0	21000.0	-1.47788633018315	-0.6325736359613128	-3.319562536808462	-1.7076467810081795	-1.841676206625312	-1.0750731450468667	-1.0263217877843687	-0.7488499992473834
72.0	217.0	218.0	21000.0	-0.20092645916022267	-0.11125895217711523	-2.008117635411054	-0.955640129127687	-1.8071911762508313	-0.8443811769505718	0.018458862268303733	0.059903953493297024
73.0	219.0	220.0	22000.0	-0.30505051097862257	0.04935732595795539	-0.028703766177613943	-0.34571345138101606	0.2763467448010086	-0.39507077733897145	-1.4683067295676864	-1.2305147041791074
73.0	219.0	221.0	22000.0	0.03084838780270438	-0.0865870291651829	1.1419548742146617	-2.617412349862434	1.1111064864119573	-2.530825320697251	-1.8748875047856615	-1.7740714743171893
73.0	220.0	221.0	22000.0	0.22207200528773186	-0.21339584094814334	1.1706586403922756	-2.271698898481418	0.9485866351045438	-2.0583030575332746	-0.4065807752179751	-0.5435567701380819
74.0	222.0	223.0	11000.0	0.3027647187052773	-0.3958367457564389	1.097095154524368	-0.6453699096571199	0.7943304358190906	-0.24953316390068103	-0.2669767222362225	-0.14762409693956613
74.0	222.0	224.0	11000.0	1.7819277977314805	-1.2333554991300701	4.185425567749689	-0.913130249945425	2.403497770018209	0.3202252491846451	0.1212094655491498	0.17628827251031964
74.0	223.0	224.0	11000.0	1.2189980651320749	-0.6123048909939506	3.0883304132253215	-0.2677603402883051	1.8693323480932467	0.3445445507056455	0.3881861877853723	0.3239123694498858
75.0	225.0	226.0	12000.0	-0.9235483348185358	-0.1581114958306209	-0.7013641605794874	-0.6333477250141186	0.22218417423904846	-0.4752362291834977	-0.26027881815338105	-0.4880264522872366
75.0	225.0	227.0	12000.0	-0.9547818550410376	0.17104635190608075	-0.975642849939959	1.1980040705707324	-0.020860994898921348	1.0269577186646517	-0.10913630319738843	-0.5101056935874269
75.0	226.0	227.0	12000.0	-0.13305319219045852	0.17266094781629082	-0.2742786893604716	1.831351795584851	-0.1412254971700131	1.6586908477685602	0.15114251495599262	-0.022079241300190233
76.0	228.0	229.0	12000.0	-0.18577796188134865	-0.19721083859698396	-5.8198351729106435	2.217684033598516	-5.634057211029295	2.4148948721955	-0.7321289937614281	-0.7790524716296048
76.0	228.0	230.0	12000.0	0.6322600037633341	-0.20187207365315274	-4.722930207062291	4.446356242856609	-5.355190210825625	4.648228316509762	-1.2354446666696361	-1.2476942824738444
76.0	229.0	230.0	12000.0	0.9978738068661634	0.05758757634974021	1.0969049658483527	2.228672209258093	0.09903115898218928	2.171084632908353	-0.503315672908208	-0.4686418108442396
77.0	231.0	232.0	21000.0	-0.018988672783347482	-0.8529884185240313	0.37736126453546603	-0.855469724518116	0.3963499373188135	-0.0024813059940846927	-0.36664867394418366	0.809564629745374
77.0	231.0	233.0	21000.0	0.03471251479223714	-0.9708379516191883	-2.475853547632596	1.7290425778974168	-2.510566062424833	2.699880529516605	5.923777690420621	4.6842046222424045
77.0	232.0	233.0	21000.0	-0.11539219892137087	-0.15074021720140252	-2.853214812168062	2.5845123024155328	-2.737822613246691	2.7352525196169353	6.290426364364805	3.8746399924970305
78.0	234.0	235.0	22000.0	-0.5634744558618525	0.3675039818049992	-0.7963135800612235	-0.4881305712142421	-0.23283912419937103	-0.8556345530192413	-0.37359595047081484	-0.3523469015377003
78.0	234.0	236.0	22000.0	-0.5582590797635731	0.2565265646951431	-0.7666590591773002	-2.366739338710886	-0.208399979413727	-2.623265903406029	-1.1025168692953926	-1.1766680087061019
78.0	235.0	236.0	22000.0	-0.06631093999020354	-0.0817480640926247	0.029654520883923396	-1.8786087674966438	0.09596546087412694	-1.7968607034040192	-0.7289209188245778	-0.8243211071684016
79.0	237.0	238.0	11000.0	0.39463044860094776	-0.09316339810530572	0.05386404941805267	-0.023112213704280293	-0.3407663991828951	0.07005118440102542	-0.9253188445336491	-0.7584679634955904
79.0	237.0	239.0	11000.0	-0.19807867036091764	-0.9693751790004068	1.2645371533792513	-1.2616252416173666	1.462615823740169	-0.29225006261695974	-1.2727107629288668	-1.1851521468151986
79.0	238.0	239.0	11000.0	-0.805379325117185	-1.0515990618181918	1.2106731039611986	-1.2385130279130863	2.0160524290783837	-0.1869139660948944	-0.34739191839521766	-0.4266841833196082
80.0	240.0	241.0	12000.0	-0.1976774030717383	0.042290603774450375	-0.13960633769215747	-0.09963141317257396	0.058071065379580844	-0.14192201694702433	-1.6824637769889321	-1.0896474130115905
80.0	240.0	242.0	12000.0	0.09858710236195467	0.25115191931257197	0.550297592111292	2.178247814581937	0.45171048974933736	1.9270958952693649	-2.086975083083111	-2.170329154750256
80.0	241.0	242.0	12000.0	0.1410183858150127	0.21942136466279916	0.6899039298034495	2.277879227754511	0.5488855439884368	2.0584578630917116	-0.40451130609417874	-1.0806817417386654
