0.0	0.0	1.0	21000.0	-0.8038366652546589	0.4686590538429911	-0.9899883227382134	1.1313971982702924	-0.18615165748355444	0.6627381444273013	1.3272620042803425	0.973051949972799
0.0	0.0	2.0	21000.0	-1.5993855744141463	1.0353718491686674	-3.100420443105577	1.7547311652809867	-1.5010348686914305	0.7193593161123193	2.296606743913955	1.9546629777670717
0.0	1.0	2.0	21000.0	-0.6515789411552948	0.6096600113947481	-2.1104321203673635	0.6233339670106943	-1.4588531792120687	0.013673955615946198	0.9693447396336126	0.9816110277942727
1.0	3.0	4.0	11000.0	1.301468377262232	0.7962232631169774	2.241453837695417	-0.1882307254134048	0.939985460433185	-0.9844539885303822	0.673369567692248	0.14278046554248647
1.0	3.0	5.0	11000.0	2.6483801306444636	1.6265196687349173	5.922462062695104	-0.26758902029973797	3.27408193205064	-1.8941086890346552	1.0810625445297717	0.09350968992339403
1.0	4.0	5.0	11000.0	1.4117838052382004	0.8094159111311807	3.6810082249996867	-0.07935829488633317	2.2692244197614864	-0.8887742060175139	0.4076929768375237	-0.04927077561909243
2.0	7.0	8.0	22000.0	-2.51913966317323	-0.1469971436509514	-1.6783671274508833	-1.356880586274201	0.8407725357223468	-1.2098834426232496	0.17150777629392167	0.08852638469872431
3.0	9.0	10.0	12000.0	1.0784371861180064	0.03607863604809314	1.9483498073159353	-0.47271128375882654	0.8699126211979289	-0.5087899198069197	0.6813668745597141	0.2255804481065553
3.0	9.0	11.0	12000.0	1.6050711556757502	0.6625190424661387	2.6618553153405173	1.2395435856471977	1.0567841596647671	0.577024543181059	0.309635710043878	0.6220712842314953
3.0	10.0	11.0	12000.0	0.3631923274876785	0.5564630753674296	0.713505508024582	1.7122548694060242	0.3503131805369035	1.1557917940385947	-0.3717311645158361	0.39649083612493996
4.0	12.0	13.0	11000.0	-0.7180121832229629	0.7652870899815394	-0.04187784433975139	1.2468343401403672	0.6761343388832115	0.4815472501588278	0.10213872316455763	0.09492312026657146
4.0	12.0	14.0	11000.0	0.06774209268810694	0.0008336902662442469	1.9879834211170646	0.2659887502593392	1.9202413284289577	0.26515505999309497	-0.2019488458790022	-1.0082604605547942
4.0	13.0	14.0	11000.0	0.8725280052273616	-0.851056008819981	2.029861265456816	-0.980845589881028	1.1573332602294544	-0.129789581061047	-0.3040875690435598	-1.1031835808213657
5.0	15.0	16.0	21000.0	0.6288957015001566	0.19216850068141245	2.3149715428974105	-1.4097160334622458	1.6860758413972539	-1.6018845341436583	-0.4923029859051411	-0.6080417866693466
5.0	15.0	17.0	21000.0	-3.9029592538875173	0.2474846355774165	-5.515851213140422	-0.8804732407429583	-1.612891959252905	-1.1279578763203748	-0.9399009080120777	-0.23906514524374245
5.0	16.0	17.0	21000.0	-4.5899645132658815	-0.012567504727452494	-7.830822756037833	0.5292427927192875	-3.2408582427719512	0.54181029744674	-0.4475979221069366	0.36897664142560416
6.0	18.0	19.0	22000.0	-0.3125717669586239	-0.07376799106352472	0.27919258104043365	-0.7689341358768615	0.5917643479990575	-0.6951661448133368	-0.24322976895052761	-0.1553503444321649
6.0	18.0	20.0	22000.0	-2.4209376489151486	-0.2165674372551667	-0.3771341268135302	0.19776780111919834	2.0438035221016184	0.41433523837436503	-1.1226427986384806	0.630892507975787
6.0	19.0	20.0	22000.0	-2.0023862472134875	-0.10899274465313802	-0.6563267078539639	0.9667019369960599	1.3460595393595236	1.075694681649198	-0.879413029687953	0.7862428524079519
7.0	21.0	22.0	12000.0	-1.1318714970435328	-0.05572748123758675	0.19613646494735804	-0.09630558956428104	1.3280079619908909	-0.040578108326694284	-0.5313139889845928	-1.1555401509972398
7.0	21.0	23.0	12000.0	-0.9550216496175654	0.8943905883618886	0.6425627587804001	2.252257352460447	1.5975844083979656	1.3578667640985582	-1.2221404605275552	-1.5651415172666532
7.0	22.0	23.0	12000.0	0.24119134221264193	0.8136350025718961	0.4464262938330421	2.348562942024728	0.20523495162040017	1.5349279394528317	-0.6908264715429624	-0.40960136626941335
8.0	24.0	25.0	11000.0	-1.1352808575047515	-2.0616835337845316	0.9961365085961233	-3.519811132000541	2.131417366100875	-1.4581275982160093	0.23811326049343506	-0.9531628228612306
8.0	24.0	26.0	11000.0	0.07064369435839524	-1.3178623888117773	4.8088188615361105	-2.4821395819831196	4.738175167177715	-1.1642771931713423	0.6256672678864277	-1.1258612815583007
8.0	25.0	26.0	11000.0	1.2316600126066497	0.7240851053699693	3.812682352939987	1.0376715500174214	2.5810223403333374	0.3135864446474521	0.3875540073929926	-0.17269845869707012
9.0	27.0	28.0	22000.0	1.6148026449615616	0.1498050323033393	2.082530278710351	-0.24730734181321168	0.46772763374878945	-0.397112374116551	0.8203427787133677	0.1367341540073852
9.0	27.0	29.0	22000.0	2.1062543439742347	0.1172437692579269	3.637338647893557	-2.0771839183748853	1.5310843039193225	-2.194427687632812	0.5163165777157843	0.17934095652019266
9.0	28.0	29.0	22000.0	0.4738719511168039	-0.04250814844245898	1.5548083691832062	-1.8298765765616736	1.0809364180664023	-1.7873684281192146	-0.3040262009975834	0.04260680251280746
10.0	30.0	31.0	12000.0	-0.2494954525570643	-0.6838581733657794	-0.3716286592898541	-0.9717163370914932	-0.12213320673278982	-0.2878581637257138	-0.21583741352195318	0.20962447786972405
10.0	30.0	32.0	12000.0	0.1556459927962175	-0.31552708589542533	0.11792286338516078	-1.999637130811152	-0.03772312941105671	-1.6841100449157267	0.3186576796531426	-0.3365320049520193
10.0	31.0	32.0	12000.0	0.3771462893654629	0.22877471670911387	0.4895515226750149	-1.0279207937196588	0.11240523330955199	-1.2566955104287727	0.5344950931750958	-0.5461564828217433
11.0	33.0	34.0	21000.0	-0.9769246409983756	-0.2207277489951771	-1.1275009466901338	0.11558219558355631	-0.15057630569175817	0.3363099445787334	0.14851455440795291	-0.3239546538544005
11.0	33.0	35.0	21000.0	-1.4654649486306592	-0.9280824601162054	-3.1394153739535113	-0.07503875727900322	-1.673950425322852	0.8530437028372022	0.29415068897591823	-0.1900982161609619
11.0	34.0	35.0	21000.0	-0.47386803952072576	-0.6346189723581999	-2.0119144272633775	-0.19062095286255953	-1.5380463877426518	0.44399801949564033	0.14563613456796531	0.13385643769343858
12.0	36.0	37.0	21000.0	0.7621685602470132	0.13172445996825743	1.0917391195553137	0.4583114758022475	0.3295705593083005	0.3265870158339901	0.5156502584973737	0.43089657669538894
12.0	36.0	38.0	21000.0	1.0670101313564038	0.5765540226750367	-1.283230605722224	0.5275979060952523	-2.350240737078628	-0.04895611657978449	0.49407315521810347	0.6628277051220834
12.0	37.0	38.0	21000.0	0.11230458187836945	0.40321494048743123	-2.3749697252775377	0.06928643029300474	-2.487274307155907	-0.3339285101944265	-0.021577103279270204	0.2319311284266945
13.0	39.0	40.0	12000.0	1.6915901333199264	0.8185880878105491	1.602787773976047	0.28109585599418097	-0.08880235934387937	-0.5374922318163682	0.11855261407866635	-0.7062531544366379
13.0	39.0	41.0	12000.0	1.0431746217478608	1.3955265477165417	0.3850353384157188	2.558026882539025	-0.658139283332142	1.1625003348224832	0.21375961782835873	-1.234736087305322
13.0	40.0	41.0	12000.0	-0.575548856499875	0.602276773422397	-1.2177524355603282	2.276931026544844	-0.6422035790604532	1.6746542531224469	0.09520700374969238	-0.528482932868684
14.0	42.0	43.0	22000.0	-17.358659916864802	1.437205824782306	-13.029960535540681	4.508116097325569	4.328699381324121	3.070910272543263	0.4750955786913664	-0.5129088169694569
14.0	42.0	44.0	22000.0	-6.002052484793062	1.618325880753444	-6.323294866062611	2.741685691650673	-0.32124238126954907	1.1233598108972291	0.2620896142393434	-0.3884503870199012
14.0	43.0	44.0	22000.0	11.292698583482391	0.16735075840388625	6.70666566947807	-1.766430405674896	-4.586032914004321	-1.9337811640787823	-0.21300596445202302	0.1244584299495557
15.0	45.0	46.0	11000.0	-0.3337209254696347	-0.14739494273172404	-2.3929177288295023	-0.3919127744652542	-2.0591968033598675	-0.24451783173353014	0.29761701785598405	-0.24832440164506409
15.0	45.0	47.0	11000.0	-0.5455347576641767	-0.3474196089267725	-1.287804232174608	-0.02669171634556733	-0.7422694745104312	0.32072789258120515	-0.5895167760574651	0.00803805572492422
15.0	46.0	47.0	11000.0	-0.27909412447624504	-0.0839598546404643	1.1051134966548943	0.36522105811968686	1.3842076211311394	0.44918091276015115	-0.8871337939134492	0.2563624573699883
16.0	48.0	49.0	12000.0	-1.3502135117592955	-1.9365487249504119	-1.1578231922740088	-1.855931397518134	0.19239031948528673	0.0806173274322779	0.6027088735773987	0.9546457553425967
16.0	48.0	50.0	12000.0	-1.5434675922548209	-3.909588687001518	-1.8691146758924333	-2.0630547634773393	-0.3256470836376124	1.8465339235241789	1.4021734514032431	1.376270490612228
16.0	49.0	50.0	12000.0	-0.20478154769223966	-1.9988168138856253	-0.7112914836184245	-0.20712336595920533	-0.5065099359261849	1.79169344792642	0.7994645778258445	0.4216247352696314
17.0	51.0	52.0	21000.0	-2.7565682883532086	1.24650488259008	-4.054770984543893	3.0749046163091407	-1.2982026961906845	1.8283997337190607	-0.025107965268375665	-0.43905047707913525
17.0	51.0	53.0	21000.0	0.01949386961461741	1.429181967787346	-5.111031867902966	3.0724037130612487	-5.1305257375175835	1.6432217452739026	-0.0943838568479265	-0.3972469637493248
17.0	52.0	53.0	21000.0	2.800627323965272	0.21743703421001115	-1.056260883359073	-0.0025009032478919835	-3.856888207324345	-0.21993793745790313	-0.06927589157955083	0.04180351332981047
18.0	54.0	55.0	11000.0	0.166331792487461	-0.6039677068256584	0.006533254078021855	0.12238118461118574	-0.15979853840943914	0.7263488914368441	0.3650850140622026	0.7529476865086338
18.0	54.0	56.0	11000.0	0.5094642868991786	-1.5178355689219227	0.4801269090681899	-1.059436891014684	-0.029337377830988665	0.45839867790723865	0.16497664628266762	0.8830566179196069
18.0	55.0	56.0	11000.0	0.266776390253308	-0.8983082320622282	0.47359365499016803	-1.1818180756258698	0.20681726473686002	-0.2835098435636416	-0.200108367779535	0.13010893141097313
19.0	57.0	58.0	22000.0	-0.11686027601716642	-0.04483214118832368	-0.7074168158826524	0.12626305875733124	-0.590556539865486	0.17109519994565492	0.48590519734267446	0.9753394881693822
19.0	57.0	59.0	22000.0	-0.923630721417493	1.4519716194942616	-1.1657179020596686	1.5555130509235369	-0.2420871806421756	0.1035414314292753	1.0865830544478001	1.5366250463693802
19.0	58.0	59.0	22000.0	-0.8474383660727671	1.423632904008013	-0.45830108617701626	1.4292499921662056	0.38913727989575086	0.005617088158192729	0.6006778571051257	0.561285558199998
20.0	60.0	61.0	21000.0	-0.739338535692112	-0.4599857817074495	0.8662675107029827	-0.24172733444720507	1.6056060463950947	0.21825844726024446	1.3922390265177427	0.5312652504192954
20.0	60.0	62.0	21000.0	-0.3389703922106042	-0.9969742045441867	-0.13595626440553588	-1.3390456531824384	0.20301412780506833	-0.3420714486382517	1.583741192273635	0.3598588884594136
20.0	61.0	62.0	21000.0	0.2965938318796413	-0.5435527235943995	-1.0022237751085186	-1.0973183187352333	-1.2988176069881598	-0.5537655951408338	0.1915021657558924	-0.1714063619598818
21.0	63.0	64.0	12000.0	3.1633069958330298	2.2758543826765347	3.341772656418243	1.2722865208334042	0.1784656605852133	-1.0035678618431305	0.1615444725075008	1.2671571275976135
21.0	63.0	65.0	12000.0	11.525464389180948	5.053152577116891	10.05437008968147	2.2702154260894076	-1.4710942994994785	-2.7829371510274834	0.994639944682973	2.953540276139236
21.0	64.0	65.0	12000.0	8.483894806649612	2.7362986721693874	6.712597433263227	0.9979289052560034	-1.7712973733863855	-1.738369766913384	0.8330954721754722	1.6863831485416227
22.0	66.0	67.0	11000.0	2.7990770204774913	-1.9363765014362846	2.574217225457687	-2.0381505618674964	-0.22485979501980413	-0.10177406043121184	0.25464664957432603	0.36184144634771087
22.0	66.0	68.0	11000.0	1.4010005545025477	-3.0811770538499825	1.6314072268630753	-3.216164365323948	0.2304066723605276	-0.13498731147396548	0.5189433672757389	-0.04676509983292476
22.0	67.0	68.0	11000.0	-1.4240204940836687	-1.1811199929696583	-0.9428099985946119	-1.1780138034564516	0.4812104954890568	0.0031061895132067363	0.26429671770141283	-0.40860654618063563
23.0	69.0	70.0	22000.0	-0.2855581287739355	0.8844467735152639	-3.02344465872784	1.1812474879056936	-2.7378865299539044	0.29680071439042965	-0.02407314009931838	-0.17319537228020465
23.0	69.0	71.0	22000.0	-1.2123086944170796	0.8775343526663031	-4.005499854770392	0.33459079293106697	-2.793191160353312	-0.5429435597352361	-0.3442554293154103	-1.1821223798005178
23.0	70.0	71.0	22000.0	-0.8689873914859918	-0.009774977006671293	-0.9820551960425519	-0.8466566949746266	-0.11306780455656007	-0.8368817179679553	-0.32018228921609193	-1.0089270075203132
24.0	72.0	73.0	11000.0	2.188023080631261	-0.0745144296203808	1.9566082593928513	-0.7401307472935059	-0.23141482123840973	-0.6656163176731251	0.5305740776475432	0.7611243754924857
24.0	72.0	74.0	11000.0	3.1518912051599157	0.49133109250780116	4.429169879113488	0.9275960872889755	1.277278673953572	0.4362649947811743	1.8531184642259717	2.6702712959217934
24.0	73.0	74.0	11000.0	1.0247041314740102	0.6087593022434197	2.4725616197206364	1.6677268345824814	1.4478574882466262	1.0589675323390617	1.3225443865784285	1.9091469204293077
25.0	75.0	76.0	22000.0	-0.4918573501271215	1.1130813173196668	0.32269022463606234	1.2425021599784714	0.8145475747631838	0.1294208426588046	0.660788216434824	-0.1609880279367104
25.0	75.0	77.0	22000.0	-0.25067543619607946	1.662420887313809	1.8649830474220153	2.3261258922855177	2.1156584836180947	0.6637050049717086	2.0620702949612024	1.8372125906031442
25.0	76.0	77.0	22000.0	0.11074232855092525	0.403621732854873	1.542292822785953	1.0836237323070463	1.4315504942350277	0.6800019994521733	1.4012820785263784	1.9982006185398546
26.0	78.0	79.0	12000.0	0.5168554360484316	-0.2520922836422166	1.1765554327812424	-0.3517478473228266	0.6596999967328108	-0.09965556368061002	0.19583564778828588	0.04577059971515496
26.0	78.0	80.0	12000.0	2.2421569956638283	-1.2218611452774928	1.9322187544917142	-0.07804659930525304	-0.3099382411721141	1.1438145459722397	0.6563592557239843	0.14228442304512612
26.0	79.0	80.0	12000.0	1.440539404223153	-1.0018549246056176	0.7556633217104718	0.27370124801757356	-0.6848760825126812	1.2755561726231912	0.46052360793569846	0.09651382332997116
27.0	81.0	82.0	21000.0	-0.10903371045683574	0.8548304228405303	1.1952501695237743	1.5464431975256048	1.30428387998061	0.6916127746850744	1.2746755692864582	1.700411834294016
27.0	81.0	83.0	21000.0	-5.41222481285272	-0.07756719542459667	-4.501052556094464	2.584221630303432	0.9111722567582561	2.6617888257280287	0.5224152860440086	0.8038917354555934
27.0	82.0	83.0	21000.0	-5.229205536253635	-0.9445224264606624	-5.696302725618239	1.0377784327778272	-0.46709718936460387	1.9823008592384896	-0.7522602832424496	-0.8965200988384225
28.0	84.0	85.0	21000.0	0.3452652697486789	-0.073915148022202	1.269781070507861	-0.34074966806849716	0.924515800759182	-0.26683452004629515	-0.004435398706732485	0.29074115771898335
28.0	84.0	86.0	21000.0	2.7074575076039213	0.09328778989178144	3.083739229514663	-0.9125295152389299	0.3762817219107415	-1.0058173051307113	0.30777832407616756	-0.009573060615025497
28.0	85.0	86.0	21000.0	2.1884441757156816	0.14647293013131613	1.813958159006802	-0.5717798471704327	-0.3744860167088797	-0.7182527773017489	0.31221372278290005	-0.30031421833400884
29.0	87.0	88.0	22000.0	-4.152805457203935	-0.5404076649784928	-4.664600683358685	1.124396043732304	-0.5117952261547503	1.6648037087107967	0.7526649233101068	0.3945440833158358
29.0	87.0	89.0	22000.0	-7.889634056399054	-1.0411626878234754	-8.882143356005145	2.2933383828618616	-0.9925092996060902	3.334501070685337	1.7434963806128678	1.720947076644137
29.0	88.0	89.0	22000.0	-3.773063305500119	-0.6180666479073533	-4.217542672646459	1.1689423391295577	-0.4444793671463403	1.787008987036911	0.990831457302761	1.3264029933283012
30.0	90.0	91.0	11000.0	0.08869304358665175	-0.2237653389567864	2.291728227692033	0.2912291772615845	2.2030351841053815	0.5149945162183709	0.8749239692902506	0.9545862815862876
30.0	90.0	92.0	11000.0	0.5734084738228278	-0.7980861219595523	4.410247617960522	-0.1387632028814778	3.836839144137694	0.6593229190780745	1.402029693313537	1.461889758843526
30.0	91.0	92.0	11000.0	0.34156637977214643	-0.45863796812160285	2.1185193902684887	-0.4299923801430623	1.7769530104963422	0.028645587978540554	0.5271057240232864	0.5073034772572385
31.0	93.0	94.0	12000.0	-0.9460607854287764	0.9614094310254071	-0.38978451724028673	1.2758665397752793	0.5562762681884896	0.3144571087498722	-0.4038373679989604	0.12507182667960137
31.0	93.0	95.0	12000.0	-1.2959590467001636	1.077746273829134	-0.4885474992356649	3.484937417721653	0.8074115474644987	2.4071911438925193	-0.7878690643978246	-0.10123953146602105
31.0	94.0	95.0	12000.0	-0.19513219260255443	0.13092274657404257	-0.09876298199537814	2.209070877946374	0.09636921060717629	2.0781481313723313	-0.38403169639886414	-0.22631135814562242
32.0	96.0	97.0	11000.0	1.8349943875803358	1.5714217033496727	-0.9613608414249484	-0.22502574415602794	-2.796355229005284	-1.7964474475057006	-3.8497054410393616	-2.1417950882711665
32.0	96.0	98.0	11000.0	3.955174918080414	3.4030578376785714	3.9963499837190284	1.707967724733635	0.041175065638614505	-1.6950901129449365	-4.616286775707778	-1.5967650158115703
32.0	97.0	98.0	11000.0	2.1289224556934476	1.872665003618974	4.957710825143977	1.9329934688896628	2.828788369450529	0.0603284652706888	-0.766581334668416	0.5450300724595962
33.0	99.0	100.0	21000.0	0.6258087720225793	-0.8137240567276844	-2.9487836685788125	-2.153057033020559	-3.574592440601392	-1.3393329762928747	-1.5797030129016179	-0.4881592030037325
33.0	99.0	101.0	21000.0	-0.5579753786520696	-0.4936779958751414	-6.414596398293497	-2.1362127935012722	-5.856621019641428	-1.6425347976261309	-1.165902737344723	0.47089401748141313
33.0	100.0	101.0	21000.0	-1.243645149321872	0.32544184070815874	-3.465812729714685	0.01684423951928693	-2.2221675803928127	-0.3085976011888718	0.4138002755568948	0.9590532204851456
34.0	102.0	103.0	12000.0	-0.14149119180575553	1.8867842869475364	0.09845442482253475	1.2916270720957073	0.23994561662829028	-0.5951572148518292	0.3908706403793474	1.1131620428779883
34.0	102.0	104.0	12000.0	0.1603634297512464	2.3385009629876565	-0.9086569020570323	1.5086588354633932	-1.0690203318082787	-0.8298421275242633	1.1028871525276145	1.8482258983894866
34.0	103.0	104.0	12000.0	0.1765781655722778	0.3392096453434368	-1.007111326879567	0.21703176336768593	-1.1836894924518448	-0.12217788197575086	0.7120165121482671	0.7350638555114983
35.0	105.0	106.0	22000.0	-0.3135930308669854	-0.14032544604745656	0.06651943868337185	0.022213914560779813	0.38011246955035727	0.16253936060823637	0.4897904789145997	2.0267991361115634
35.0	105.0	107.0	22000.0	-0.3532607056394923	-0.19360297183311204	-0.22331820060367136	1.0644086948225322	0.12994250503582094	1.2580116666556442	0.7806250307895795	2.991887897994374
35.0	106.0	107.0	22000.0	0.015679259294702597	-0.044383626745513105	-0.2898376392870432	1.0421947802617524	-0.3055168985817458	1.0865784070072655	0.29083455187497975	0.9650887618828108
36.0	108.0	109.0	11000.0	0.13072669326298936	-0.5274679907919451	0.04711631828467944	-0.5198280132458422	-0.08361037497830992	0.007639977546102905	0.31597035728660217	-0.02883693645524943
36.0	108.0	110.0	11000.0	0.5726495844981212	-0.7850865647659253	2.912544308740621	-1.0209666155144532	2.3398947242425	-0.23588005074852791	0.18954596185673722	-0.05244369118362613
36.0	109.0	110.0	11000.0	0.29615385969881114	-0.2167878363213145	2.8654279904559417	-0.5011386022686111	2.5692741307571305	-0.2843507659472966	-0.12642439542986494	-0.0236067547283767
37.0	111.0	112.0	22000.0	0.1264464349954162	0.0791293552887673	0.7288047835209	0.5321484805106138	0.6023583485254838	0.4530191252218465	0.7151750972472257	1.5656770366463206
37.0	111.0	113.0	22000.0	-0.2411956174137444	0.23628974090211852	0.7742333851181229	0.010720814251499178	1.0154290025318673	-0.22556892665061934	0.8671581183327106	1.992648166537009
37.0	112.0	113.0	22000.0	-0.3458962268156638	0.11989826109117274	0.04542860159722295	-0.5214276662591146	0.39132482841288674	-0.6413259273502874	0.1519830210854849	0.4269711298906884
38.0	114.0	115.0	12000.0	-1.8574239314415513	-0.8475789502821449	-1.6936672053595885	-0.5352292166627421	0.1637567260819628	0.31234973361940277	-0.4302722518573745	-0.6552169719378327
38.0	114.0	116.0	12000.0	-1.8180483596491905	-0.8535555652842932	-0.9641083446999801	0.9891222419375936	0.8539400149492105	1.8426778072218868	-0.9318453478765463	-0.7698516713424937
38.0	115.0	116.0	12000.0	-0.00810641611396079	-0.0666184386079367	0.7295588606596084	1.5243514586003357	0.7376652767735692	1.5909698972082724	-0.5015730960191718	-0.11463469940466098
39.0	117.0	118.0	21000.0	1.2843744881661294	-0.12509467542571873	1.2675304228664572	0.2298166179148211	-0.016844065299672195	0.35491129334053984	-0.7623221190102782	-0.2551805847434565
39.0	117.0	119.0	21000.0	-0.4191842754349615	-0.2767895781832639	-3.0754155395313774	0.7147523266700091	-2.656231264096416	0.991541904853273	-1.0050370847040853	-1.3159880539019326
39.0	118.0	119.0	21000.0	-1.934884055380003	-0.3928880554776448	-4.342945962397835	0.484935708755188	-2.4080619070178315	0.8778237642328328	-0.24271496569380702	-1.0608074691584761
40.0	120.0	121.0	22000.0	1.6208189630846803	0.3914608024727828	-1.049050312735858	-0.11820293909977408	-2.6698692758205382	-0.5096637415725569	0.40157528670575005	0.582694449547688
40.0	120.0	122.0	22000.0	2.9895131413448492	-0.16024263539098982	-0.3862132385949053	-1.371305423190961	-3.3757263799397546	-1.2110627877999711	0.8992414421436479	0.8149431525761202
40.0	121.0	122.0	22000.0	1.6374626757831034	-0.4398727792456505	0.6628370741409526	-1.2531024840911869	-0.9746256016421508	-0.8132297048455364	0.49766615543789783	0.23224870302843215
41.0	123.0	124.0	21000.0	-1.0195813489618626	1.1151550602120066	-1.2993508475503859	0.6450718581023693	-0.2797694985885233	-0.4700832021096373	-0.10291070768745669	0.23303374678283717
41.0	123.0	125.0	21000.0	-5.620491436922672	0.5567215953250919	-9.33571525281991	0.9823332895650765	-3.7152238158972377	0.4256116942399846	-0.0003633653199131004	-1.3072808592343677
41.0	124.0	125.0	21000.0	-4.724742281770394	-0.4026352628208185	-8.036364405269524	0.33726143146270715	-3.31162212349913	0.7398966942835257	0.10254734236754359	-1.5403146060172048
42.0	126.0	127.0	11000.0	1.4991966365703782	-0.873726666057185	1.4025607049413793	-0.9942906970685499	-0.09663593162899886	-0.12056403101136492	0.25611727744690427	0.2634388257957454
42.0	126.0	128.0	11000.0	1.3322935451001037	-0.4354855933301627	3.607265724158424	0.45980384026245247	2.27497217905832	0.8952894335926151	1.2963897067001255	1.7868675664066132
42.0	127.0	128.0	11000.0	-0.30617860454104573	0.40792895148580577	2.2047050192170445	1.4540945373310024	2.5108836237580903	1.0461655858451966	1.0402724292532213	1.5234287406108677
43.0	129.0	130.0	12000.0	1.0106409702062793	-0.9922540849489874	-5.337981686178409	-1.1541222145592656	-6.348622656384689	-0.1618681296102782	-0.06551749107993032	0.2600654678691967
43.0	129.0	131.0	12000.0	3.2283768824638432	-0.5164831914354693	-3.2170469049265193	0.543561355871816	-6.445423787390363	1.0600445473072853	0.13614487252496588	0.07724807771599274
43.0	130.0	131.0	12000.0	2.1977911577529508	0.36937599805021826	2.12093478125189	1.6976835704310815	-0.07685637650106081	1.3283075723808633	0.2016623636048962	-0.18281739015320397
44.0	132.0	133.0	21000.0	2.2651348846991866	-0.7778101680063472	2.2443040724219827	-0.7004262958373602	-0.020830812277203847	0.07738387216898701	0.3259292606003754	1.232324429384093
44.0	132.0	134.0	21000.0	-2.074446584001149	-0.3634164100666579	1.534033278457855	0.2115561333559981	3.6084798624590038	0.574972543422656	3.20124471900742	1.360388416784204
44.0	133.0	134.0	21000.0	-4.424079664345562	0.3363865514763571	-0.7102707939641277	0.9119824291933583	3.7138088703814347	0.5755958777170012	2.8753154584070444	0.12806398740011105
45.0	135.0	136.0	11000.0	-0.7580760124288917	0.23914474993928359	-0.4406265459116412	-0.04514685906531213	0.3174494665172505	-0.2842916090045957	0.3341165835617659	0.36746440812410697
45.0	135.0	137.0	11000.0	-1.3660708586002173	0.7910715849566108	1.6340655626627267	0.862678129724145	3.000136421262944	0.07160654476753425	0.44097892962760454	0.5300625756891861
45.0	136.0	137.0	11000.0	-0.5925811109101318	0.5881610490208402	2.074692108574368	0.9078249887894572	2.6672732194844997	0.31966393976861696	0.10686234606583866	0.16259816756507917
46.0	138.0	139.0	12000.0	1.227258641024834	-0.33839104650568697	-1.54694128129006	-1.2352887011290932	-2.774199922314894	-0.8968976546234062	-0.14169525756946655	0.6428948318771432
46.0	138.0	140.0	12000.0	1.812113439526951	-0.7293695569581953	-1.576790294229454	0.7761270791626202	-3.388903733756405	1.5054966361208155	-0.08130206642503879	1.2449483183299037
46.0	139.0	140.0	12000.0	0.5642195573874327	-0.2792008737915497	-0.029849012939394015	2.0114157802917134	-0.5940685703268267	2.290616654083263	0.06039319114442776	0.6020534864527605
47.0	141.0	142.0	22000.0	-2.846892700056781	-0.6660891329443901	0.04092691033861229	0.5692807423612294	2.8878196103953933	1.2353698753056195	3.6443302167672442	0.6826481501301345
47.0	141.0	143.0	22000.0	-4.148476627016991	-1.327178728869459	0.11473843090129776	0.19354172133500924	4.263215057918289	1.5207204502044682	5.10152065422416	1.3461889936578473
47.0	142.0	143.0	22000.0	-1.4141641009194954	-0.6695542381906758	0.07381152056268547	-0.37573902102622014	1.4879756214821809	0.2938152171644557	1.4571904374569158	0.6635408435277128
48.0	144.0	145.0	11000.0	0.926239558063374	-0.3371839092008688	1.8227410712702294	-2.7200092335897352	0.8965015132068554	-2.3828253243888664	-0.04508794671616556	-0.7347983313294293
48.0	144.0	146.0	11000.0	2.3385183183857468	-0.4438943972319853	5.904249438043735	-2.9238894762859218	3.565731119657988	-2.4799950790539365	0.04439930370645584	-1.0008246140712629
48.0	145.0	146.0	11000.0	1.2051306469816723	-0.1402144838487276	4.081508366773505	-0.20388024269618654	2.876377719791833	-0.06366575884745895	0.0894872504226214	-0.2660262827418336
49.0	147.0	148.0	21000.0	-2.6129316671667366	0.9317875608867139	-1.5477178465904444	2.648407654404764	1.0652138205762922	1.71662009351805	-1.5077107525943347	-1.2792954673355155
49.0	147.0	149.0	21000.0	-5.697265228501985	1.5210277870757976	-5.506519912022327	5.480929362168467	0.1907453164796582	3.95990157509267	-2.5972924247673745	-2.0411194833943966
49.0	148.0	149.0	21000.0	-3.079450331667931	0.5390593310468397	-3.9588020654318825	2.8325217077637035	-0.8793517337639516	2.293462376716864	-1.0895816721730398	-0.7618240160588812
50.0	150.0	151.0	12000.0	0.4947045264986585	0.05663285454429179	0.606942166297813	0.681607511212178	0.11223763979915446	0.6249746566678862	0.33615929011965306	0.2791513315088281
50.0	150.0	152.0	12000.0	-0.09374898018301803	0.563474635519098	-1.1486953635983355	1.5262193126068269	-1.0549463834153174	0.9627446770877288	0.45606033133678636	0.5789465905322118
50.0	151.0	152.0	12000.0	-0.710349774394393	0.5823882538208398	-1.7556375298961484	0.8446118013946489	-1.0452877555017555	0.26222354757380906	0.1199010412171333	0.29979525902338366
51.0	153.0	154.0	22000.0	-1.0264075748165835	0.1157651505667543	-0.4292875653941337	0.35218075619206957	0.5971200094224498	0.23641560562531527	0.59366229828548	-0.446722877894814
51.0	153.0	155.0	22000.0	-1.3055566632877023	0.5343169422532865	-0.6166276436323415	0.548046272775764	0.6889290196553608	0.01372933052247749	0.7217652678211834	-0.23229104283764457
51.0	154.0	155.0	22000.0	-0.263026253418154	0.2563972897402511	-0.18734007823820775	0.19586551658369444	0.07568617517994625	-0.06053177315655667	0.12810296953570344	0.21443183505716945
52.0	156.0	157.0	21000.0	0.3498883001357509	-0.2974061601300262	-0.48234423916346714	-0.5957138587433519	-0.832232539299218	-0.29830769861332573	-0.4278883807853049	-0.8036959622705524
52.0	156.0	158.0	21000.0	0.640573487158945	-0.7074221638226632	-1.0643373011882886	0.3298621274316247	-1.7049107883472336	1.037284291254288	0.1121522908606778	0.29187940177962446
52.0	157.0	158.0	21000.0	0.14416502078841908	-0.30493598927715393	-0.5819930620248215	0.9255759861749766	-0.7261580828132406	1.2305119754521305	0.5400406716459827	1.0955753640501769
53.0	159.0	160.0	11000.0	-1.9890886483338486	0.6413967014108373	-1.9249159101201485	1.2722726178774337	0.06417273821370006	0.6308759164665965	0.025496700502287695	0.5549308468985572
53.0	159.0	161.0	11000.0	-4.471994939846149	1.393635062356088	-3.0486583470666346	2.258834134389531	1.4233365927795143	0.8651990720334428	-0.6175080785148737	-0.3898844299557567
53.0	160.0	161.0	11000.0	-2.469278080218734	0.7774893581368847	-1.1237424369464861	0.9865615165120971	1.3455356432722478	0.20907215837521242	-0.6430047790171614	-0.9448152768543139
54.0	162.0	163.0	12000.0	-1.7104668258133469	-0.25423330272061495	-4.699676328094483	0.34914521719952063	-2.9892095022811365	0.6033785199201356	-0.6601803789016856	-0.8670547811338309
54.0	162.0	164.0	12000.0	-1.182582705344184	-1.2422953298128014	-5.978997951389374	0.3631433379342752	-4.79641524604519	1.6054386677470767	-1.373329377203362	-1.4061389929810417
54.0	163.0	164.0	12000.0	0.4863452762441822	-0.9439251143283238	-1.2793216232948907	0.013998120734754593	-1.765666899539073	0.9579232350630784	-0.7131489983016763	-0.5390842118472108
55.0	165.0	166.0	22000.0	-0.27046991172281665	0.26022549135027173	-0.8763371525772072	0.5447669194484206	-0.6058672408543906	0.28454142809814886	-0.9555789642463424	-0.406694236734225
55.0	165.0	167.0	22000.0	-0.29068069997671486	-0.6910350086124666	-0.35058629249761	-0.6737408960505036	-0.05990559252089511	0.017294112561963004	-1.1856184114343336	-0.12345234719610687
55.0	166.0	167.0	22000.0	0.08719866776824503	-1.1003956124042151	0.5257508600795973	-1.2185078154989242	0.43855219231135223	-0.11811220309470905	-0.2300394471879912	0.28324188953811813
56.0	168.0	169.0	22000.0	2.630054762744522	-0.2830822051993991	1.9917379260512007	-1.1322133730409405	-0.6383168366933214	-0.8491311678415414	0.30992181915439687	0.8140622340066841
56.0	168.0	170.0	22000.0	3.583842324395323	0.34372381733643653	4.516154542375148	-1.2384761651371718	0.9323122179798249	-1.5821999824736084	1.1711408238816006	2.515169820523923
56.0	169.0	170.0	22000.0	1.0385345958362713	0.7464207720645257	2.524416616323947	-0.10626279209623135	1.4858820204876757	-0.8526835641607571	0.8612190047272037	1.7011075865172387
57.0	171.0	172.0	12000.0	-1.9087696181347855	0.7716919949666075	-4.004766764005353	1.231736892568847	-2.0959971458705677	0.46004489760223954	0.413210780031946	-0.41903986734587306
57.0	171.0	173.0	12000.0	-0.3526882970795935	1.4562044390408193	-2.959033367564075	3.4427961292451528	-2.6063450704844815	1.9865916902043335	0.6623387728964758	-0.02417364187955684
57.0	172.0	173.0	12000.0	1.5073579092034155	0.7418098702234337	1.0457333964412783	2.2110592366763058	-0.46162451276213723	1.469249366452872	0.2491279928645298	0.3948662254663162
58.0	174.0	175.0	21000.0	-0.2678917569474315	1.058339340684693	-2.5117617322318893	0.13435969808756454	-2.2438699752844578	-0.9239796425971285	0.11270103953401645	0.36397199492101606
58.0	174.0	176.0	21000.0	-0.09306365981261777	2.707889440274103	-3.0045465353532563	0.7500837629190755	-2.9114828755406386	-1.9578056773550276	-0.15704005740641946	-0.13134623505960974
58.0	175.0	176.0	21000.0	0.21167947329913694	1.6973819759085647	-0.4927848031213671	0.615724064831511	-0.704464276420504	-1.0816579110770537	-0.2697410969404359	-0.4953182299806258
59.0	177.0	178.0	11000.0	-0.10530532344357457	0.18592464099660244	1.5967246278928542	1.6270263106955554	1.7020299513364288	1.441101669698953	2.149840075045816	2.6776099704585903
59.0	177.0	179.0	11000.0	0.33651228676118183	0.038685291380899045	1.9033554683503553	0.5885765949444703	1.5668431815891735	0.5498913035635713	1.3927354441634776	0.484433175629988
59.0	178.0	179.0	11000.0	0.4655214196706412	-0.15454482344553266	0.3066308404575011	-1.038449715751085	-0.1588905792131401	-0.8839048923055524	-0.7571046308823384	-2.1931767948286023
60.0	180.0	181.0	11000.0	-1.332334577502201	-0.5713105542450245	-3.1408536407977863	-0.05519049223403272	-1.8085190632955852	0.5161200620109918	-0.8476801688270825	-0.8824309499925391
60.0	180.0	182.0	11000.0	0.8877168241684386	-0.06193739006374255	2.632049956785977	-0.06809445664362102	1.7443331326175384	-0.006157066579878467	1.0067697368084652	1.1413278243378784
60.0	181.0	182.0	11000.0	2.199922904449944	0.43761787726588963	5.772903597583763	-0.012903964409588298	3.572980693133819	-0.45052184167547793	1.8544499056355477	2.0237587743304175
61.0	183.0	184.0	22000.0	0.9831960627700989	0.11602226003439409	1.390153581793129	-0.8960214953017385	0.4069575190230301	-1.0120437553361326	-0.3131339313058845	-0.5074180427741766
61.0	183.0	185.0	22000.0	2.014440369249826	0.9282536651589979	3.8466844435127996	-1.6000847906730087	1.8322440742629738	-2.5283384558320066	0.16350882630057129	0.30046137167761344
61.0	184.0	185.0	22000.0	1.0179822149317879	0.8039752672274112	2.4565308617196706	-0.7040632953712702	1.4385486467878827	-1.5080385625986814	0.4766427576064558	0.80787941445179
62.0	186.0	187.0	21000.0	-0.3883092478703869	1.5696984468147104	-2.111461064719265	1.779717764997713	-1.723151816848878	0.21001931818300257	-0.4827404459208111	-0.3426985510736813
62.0	186.0	188.0	21000.0	-0.7202837526831383	0.8018137200643389	-5.075549800129011	1.069650913218993	-4.355266047445872	0.26783719315465415	-0.8083493520578315	-0.7099369041969368
62.0	187.0	188.0	21000.0	-0.3473528159378443	-0.8164194277387606	-2.964088735409746	-0.7100668517787199	-2.6167359194719015	0.10635257596004077	-0.3256089061370204	-0.3672383531232555
63.0	189.0	190.0	12000.0	-1.3201471099012219	0.4894017939643014	-1.6564887867768903	1.780582828903789	-0.3363416768756684	1.2911810349394877	0.53828386987378	0.3939351787185359
63.0	189.0	191.0	12000.0	-2.658430732641933	1.7104780141351226	-2.3667448198416423	5.9355072743348956	0.29168591280029066	4.225029260199773	2.1941278229150782	3.3636358334060077
63.0	190.0	191.0	12000.0	-1.3354193499065623	1.208947320806094	-0.710256033064752	4.1549244454311065	0.6251633168418103	2.9459771246250126	1.6558439530412983	2.969700654687472
64.0	192.0	193.0	22000.0	-0.060370301204860866	-0.2086225279046996	-2.2276838544009934	-1.7182002473034572	-2.1673135531961325	-1.5095777193987576	0.4760601570896341	0.33259327981069475
64.0	192.0	194.0	22000.0	0.7800194647415832	-0.5528232066893084	-0.6778563836214744	-3.3224365537229232	-1.4578758483630576	-2.769613347033615	0.7719457512192349	1.339213276540562
64.0	193.0	194.0	22000.0	0.9132102429933715	-0.3487486344258821	1.549827470779519	-1.604236306419466	0.6366172277861475	-1.255487671993584	0.2958855941296008	1.0066199967298672
65.0	195.0	196.0	21000.0	-5.232936719875651	0.7360690614279646	-5.473627587641772	2.4026655679231226	-0.24069086776612103	1.666596506495158	-0.6198558618949335	-0.17272810567777697
65.0	195.0	197.0	21000.0	-5.774095303287189	1.141194126023616	-5.899102113418394	3.200954142286946	-0.12500681013120474	2.05976001626333	0.2980718496618664	-0.21243286719496268
65.0	196.0	197.0	21000.0	-0.34977255180238753	0.42321252941462806	-0.4254745257766217	0.7982885743638235	-0.07570197397423417	0.37507604494919544	0.9179277115567999	-0.039704761517185716
66.0	198.0	199.0	11000.0	1.047527072931107	0.586991443007264	2.0344438733288825	0.7312673838775936	0.9869168003977755	0.14427594087032958	-1.3636668639606881	-2.2342479251201155
66.0	198.0	200.0	11000.0	0.36178977113608557	0.5721186637751332	6.2129646303031905	0.8008129766167258	5.851174859167105	0.22869431284159258	-2.2941143582101375	-2.809931700754831
66.0	199.0	200.0	11000.0	-0.660283910289384	0.07400368188450379	4.178520756974308	0.06954559273913219	4.838804667263692	-0.004458089145371602	-0.9304474942494494	-0.5756837756347153
67.0	201.0	202.0	12000.0	-0.19647811937088644	0.3868900594097262	-0.4023725416392381	0.9969618700908995	-0.20589442226835164	0.6100718106811733	-0.015769049230115684	-0.07311584354509648
67.0	201.0	203.0	12000.0	0.26553526498061153	1.528834811549796	-0.523486470795433	4.6306250487625675	-0.7890217357760445	3.1017902372127715	-0.5551534512941174	-0.7082429891787285
67.0	202.0	203.0	12000.0	0.3382899808171045	1.0587001530261952	-0.1211139291561949	3.633663178671668	-0.4594039099732994	2.5749630256454727	-0.5393844020640017	-0.635127145633632
68.0	204.0	205.0	12000.0	0.6653870010391998	0.25022956974231825	-1.518868306374202	0.1018615779113361	-2.1842553074134017	-0.14836799183098215	0.3617888715718607	0.6409620360383315
68.0	204.0	206.0	12000.0	-6.93282125445617	4.100639396560915	-11.538939756449963	9.253347394104253	-4.606118501993794	5.152707997543338	1.6308159588431295	2.0091461517993707
68.0	205.0	206.0	12000.0	-7.88179637412975	3.8243144095042876	-10.020071450075761	9.151485816192917	-2.1382750759460114	5.327171406688629	1.2690270872712688	1.3681841157610393
69.0	207.0	208.0	22000.0	-0.9984603207650675	-0.48655257711293753	-0.40646256972081574	0.9756028774731931	0.5919977510442518	1.4621554545861306	4.465477806642866	-4.411497609990818
70.0	210.0	211.0	21000.0	2.5509676340989307	-0.30435013216343787	2.574203179175811	-0.45308294338838095	0.023235545076880193	-0.14873281122494308	0.704415886863984	0.5743036501574466
70.0	210.0	212.0	21000.0	4.179792944744042	-0.6149479693981545	1.278326666572184	-0.602971969637565	-2.901466278171858	0.011975999760589495	1.2879156683153496	0.2132339471513376
70.0	211.0	212.0	21000.0	1.8108833760589782	-0.17055587632228342	-1.295876512603627	-0.1498890262491841	-3.106759888662605	0.02066685007309932	0.5834997814513656	-0.36106970300610897
71.0	213.0	214.0	11000.0	-2.564965320889457	0.6284995395642365	-1.7970888927540045	0.6697395048743147	0.7678764281354526	0.04123996531007812	-0.023336475005294233	-0.589025035124024
71.0	213.0	215.0	11000.0	-1.8748530421526803	1.674931155967304	2.466840412198735	1.8679428667921911	4.341693454351415	0.19301171082488722	1.3669762804212553	1.1258839791116202
71.0	214.0	215.0	11000.0	0.47192299336895793	0.8749299134737818	4.26392930495274	1.1982033619178765	3.7920063115837817	0.32327344844409467	1.3903127554265495	1.7149090142356442
72.0	216.0	217.0	11000.0	-1.6910693103808567	1.1509527611903705	-2.1017234267546883	2.142278625599829	-0.41065411637383153	0.9913258644094585	-0.5506870716045	-0.21582976210964944
72.0	216.0	218.0	11000.0	-2.0714199533067132	2.667292707675256	0.5541358228909985	5.103665922450546	2.6255557761977117	2.4363732147752897	0.9513890321895389	1.2785239565188107
72.0	217.0	218.0	11000.0	-0.588744210112111	1.4558113892732152	2.6558592496456868	2.9613872968507167	3.2446034597577977	1.5055759075775015	1.5020761037940389	1.4943537186284601
73.0	219.0	220.0	12000.0	1.379087848055832	-1.306186387760893	1.6931100284093645	-1.5532055410043313	0.3140221803535326	-0.24701915324343826	-0.1992969842164456	-0.3464778892286944
73.0	219.0	221.0	12000.0	2.4112770111129267	-2.4308346826716303	2.7917823449466823	-0.10718796454045787	0.3805053338337556	2.3236467181311724	-0.49756369985998106	-0.7221331095456947
73.0	220.0	221.0	12000.0	1.110371859650579	-1.123127328655281	1.0986723165373178	1.4460175764638734	-0.011699543113261157	2.5691449051191544	-0.29826671564353546	-0.37565522031700027
74.0	222.0	223.0	22000.0	0.4171741771211286	-0.277513059124777	1.820415102582274	1.261765375095365	1.4032409254611453	1.539278434220142	-0.10182591025656507	1.9618986175708244
74.0	222.0	224.0	22000.0	1.0038734437182653	-0.52648342080081	1.6982941604697999	-1.0773321115979115	0.6944207167515346	-0.5508486907971015	-1.0008460400564871	0.0038037751666024633
74.0	223.0	224.0	22000.0	0.3798825168380393	-0.1837273881314765	-0.12212094211247404	-2.3390974866932766	-0.5020034589505133	-2.1553700985618	-0.8990201297999221	-1.958094842404222
75.0	225.0	226.0	21000.0	-4.173179174866407	-0.39038476352212736	-4.0358829318849985	-0.8491677931091317	0.1372962429814084	-0.45878302958700434	-0.19204514712281195	0.06305205558408034
75.0	225.0	227.0	21000.0	-14.141606033759452	-1.831092471355288	-14.61188445639516	-0.49876736578562486	-0.4702784226357082	1.3323251055696632	1.2068594330557545	0.5026692643562001
75.0	226.0	227.0	21000.0	-9.954243355624833	-1.3952933479432552	-10.576001524510161	0.35040042732350685	-0.6217581688853286	1.745693775266762	1.3989045801785664	0.43961720877211974
76.0	228.0	229.0	11000.0	1.093317171874972	1.4907883443349315	0.9414540744116948	-1.2220435690754812	-0.15186309746327709	-2.7128319134104126	-0.47029505445711095	-1.587292378205703
76.0	228.0	230.0	11000.0	2.6961656441372375	2.6463250703625665	3.861007876960116	0.8338182750605938	1.1648422328228785	-1.8125067953019727	-0.5857447069957686	-0.6426143758054224
76.0	229.0	230.0	11000.0	1.565838251256693	1.1697275322721064	2.919553802548421	2.055861844136075	1.353715551291728	0.8861343118639686	-0.11544965253865769	0.9446780024002805
77.0	231.0	232.0	12000.0	0.16830095515207866	-0.6856595409531518	-0.22578328491283628	-0.2975729476123661	-0.39408424006491494	0.38808659334078577	0.214153162588687	0.19890404781172322
77.0	231.0	233.0	12000.0	-1.6685705173833085	-1.900172427928295	-3.194097390275374	0.8770865144679192	-1.5255268728920655	2.777258942396214	0.1954057060109733	0.17559781074368175
77.0	232.0	233.0	12000.0	-1.7576287005811002	-1.155770908199801	-2.9683141053625377	1.1746594620802853	-1.2106854047814375	2.3304303702800864	-0.018747456577713706	-0.02330623706804147
78.0	234.0	235.0	21000.0	2.7039745043660686	-0.17930215999847388	0.40105077028863434	-1.520726244074126	-2.3029237340774342	-1.3414240840756522	-0.1970087973998602	0.3091531164849073
78.0	234.0	236.0	21000.0	2.7946709360506397	-0.6373648917952197	-3.2474143845414574	-2.6504166249236505	-6.042085320592097	-2.0130517331284308	-0.2072361056580121	0.20017915040875778
78.0	235.0	236.0	21000.0	0.16194218498808333	-0.4882922647109691	-3.6484651548300917	-1.1296903808495244	-3.810407339818175	-0.6413981161385554	-0.01022730825815188	-0.10897396607614951
79.0	237.0	238.0	22000.0	-0.02635605814250308	-0.3992579940199539	-0.6843603094215496	-0.3983019192662596	-0.6580042512790465	0.0009560747536943026	0.7040359549072548	0.9437762543977897
79.0	237.0	239.0	22000.0	1.3215743870514878	-0.7695691545871668	-0.47712116759987566	-2.703697393814309	-1.7986955546513634	-1.9341282392271424	1.3674359350310965	1.3259785363480603
79.0	238.0	239.0	22000.0	1.261736595824548	-0.23401331445310802	0.2072391418216739	-2.3053954745480496	-1.054497454002874	-2.0713821600949416	0.6633999801238417	0.3822022819502706
80.0	240.0	241.0	11000.0	-0.9223953741688486	-0.483319747149741	-1.1630655092407096	-0.21313635027956934	-0.24067013507186097	0.2701833968701717	0.8109941404595418	0.3208334212032611
80.0	240.0	242.0	11000.0	-2.3593306852162925	-0.6718273030387243	1.263880717864481	0.7443694890346251	3.6232114030807736	1.4161967920733494	0.9075717960485576	1.7232601773990268
80.0	241.0	242.0	11000.0	-1.3222833416675135	-0.2023721398237761	2.4269462271051907	0.9575058393141944	3.749229568772704	1.1598779791379705	0.09657765558901588	1.4024267561957657
81.0	243.0	244.0	21000.0	1.2866316397880757	0.95747615570978	-4.589876715751757	0.2518325265908743	-5.8765083555398325	-0.7056436291189057	-1.0447881154181005	-0.9468215506719417
81.0	243.0	245.0	21000.0	1.9803556704954577	0.776383095901183	-6.723882419645747	-0.5089984248210158	-8.704238090141205	-1.2853815207221988	-2.1800940257045625	-1.595930440381963
81.0	244.0	245.0	21000.0	0.4959676190219744	-0.14109164410757735	-2.1340057038939904	-0.76083095141189	-2.6299733229159648	-0.6197393073043127	-1.135305910286462	-0.6491088897100212
82.0	246.0	247.0	22000.0	-2.651807790181877	0.9305612106690608	-2.3633390625228685	1.4140547537081147	0.28846872765900855	0.4834935430390539	0.3219826170904696	-0.47999150628243115
82.0	246.0	248.0	22000.0	-5.890679595921742	1.8294142587839604	-4.752282915252181	1.9709730900427758	1.138396680669561	0.1415588312588154	0.3577758570439187	-0.6618601544256393
82.0	247.0	248.0	22000.0	-3.2013186834428327	0.8344760645416045	-2.3889438527293123	0.556918336334661	0.8123748307135203	-0.27755772820694347	0.035793239953449074	-0.18186864814320813
83.0	249.0	250.0	12000.0	4.395152459620749	1.3969787175400477	6.437262601877364	0.9464612425940686	2.0421101422566155	-0.45051747494597905	-0.40898746273909126	-0.25865499185600527
83.0	249.0	251.0	12000.0	-4.106353345708358	-1.8835883688688515	-3.2997264082737274	0.1598249272137764	0.8066269374346309	2.043413296082628	-0.5513317695154001	-0.20163442218017735
83.0	250.0	251.0	12000.0	-8.57376653688504	-3.380080417914469	-9.736989010151092	-0.7866363153802922	-1.1632224732660514	2.5934441025341766	-0.14234430677630883	0.057020569675827915
84.0	252.0	253.0	12000.0	-2.535956706270121	-1.3374909218559479	-4.829160440404962	-1.0142969334832515	-2.293203734134841	0.3231939883726964	-0.25373078851404784	-1.451499228869693
84.0	252.0	254.0	12000.0	-5.077504621050655	-1.7398782282269538	-6.396067768480293	1.3428407405845064	-1.3185631474296384	3.0827189688114602	0.12591707391658247	-0.9107203936118964
84.0	253.0	254.0	12000.0	-2.6496439949316093	-0.47229607947162755	-1.566907328075331	2.357137674067758	1.0827366668562783	2.8294337535393854	0.3796478624306303	0.5407788352577967
85.0	255.0	256.0	11000.0	0.03223389315295755	0.014779128610845405	-0.05565829679619583	-0.10901630774924342	-0.08789218994915338	-0.12379543636008883	1.0333352528978423	1.0063105323972081
85.0	255.0	257.0	11000.0	1.5878469966760305	-0.11277277204084868	1.79248624515526	-0.47348779072001435	0.20463924847922943	-0.36071501867916567	1.7464702580653437	1.7388081325782565
85.0	256.0	257.0	11000.0	1.4051626601479041	-0.13332349453984982	1.8481445419514557	-0.3644714829707709	0.4429818818035516	-0.2311479884309211	0.7131350051675014	0.7324976001810484
86.0	258.0	259.0	21000.0	0.7624662045067572	-0.23921338601322972	1.0938764076631742	0.9790768805389689	0.331410203156417	1.2182902665521986	1.2559882819852959	0.6252436863127855
86.0	258.0	260.0	21000.0	2.034028445154469	-0.4661017622243513	2.0770296102637076	1.6961542847255942	0.04300116510923857	2.1622560469499454	2.6265641868292846	1.9084804820606251
86.0	259.0	260.0	21000.0	1.155720943683681	-0.08451870317457644	0.9831532026005334	0.7170774041866252	-0.17256774108314765	0.8015961073612017	1.3705759048439887	1.2832367957478397
87.0	261.0	262.0	22000.0	0.14571601317821337	0.15471145717981383	0.9670866621418099	-0.10282908099497945	0.8213706489635966	-0.2575405381747933	-0.009104005279539251	0.24028850174828165
87.0	261.0	263.0	22000.0	-2.7304743737035118	0.5604461015891697	-0.10720429490811512	1.3067543917615012	2.6232700787953966	0.7463082901723315	0.2857709855552173	0.5349052306334983
87.0	262.0	263.0	22000.0	-2.9415042653492316	0.3485869020449721	-1.074290957049925	1.4095834727564807	1.8672133082993065	1.0609965707115085	0.29487499083475655	0.2946167288852166
88.0	264.0	265.0	21000.0	1.8810390638434447	0.3177213825720715	-0.9357756901232506	-4.491651953188239	-2.8168147539666952	-4.80937333576031	-0.07486829831715625	-0.145676479713174
88.0	264.0	266.0	21000.0	4.753722614419274	-0.2698522221647801	0.27378536623302807	-4.777859973921295	-4.479937248186246	-4.508007751756515	0.19128433059138672	0.10814731259125665
88.0	265.0	266.0	21000.0	2.768550825321091	-0.6595427500040687	1.2095610563562786	-0.2862080207330564	-1.5589897689648122	0.3733347292710123	0.26615262890854297	0.25382379230443064
89.0	267.0	268.0	22000.0	-3.163739837906867	0.6307110086426437	-2.2748754716096755	1.7376453437472037	0.8888643662971916	1.10693433510456	-0.6742519478423219	-0.7412692154820917
89.0	267.0	269.0	22000.0	-5.249586700876087	0.6161247619919328	-3.572089795795364	1.7311294668454593	1.677496905080723	1.1150047048535265	-0.17249412241397977	-0.29704169838402095
89.0	268.0	269.0	22000.0	-2.0863055946278184	-0.020557110244810772	-1.2972143241856884	-0.006515876901744377	0.78909127044213	0.014041233343066395	0.5017578254283421	0.44422751709807073
90.0	270.0	271.0	12000.0	-2.77983808832401	0.3465148162786509	-2.679125419462139	0.9968809299459735	0.10071266886187136	0.6503661136673227	0.08233235048905385	0.18349481765302755
91.0	273.0	274.0	11000.0	-2.6612362075105205	0.3365093159460102	-3.9372544005016152	1.4210984886123015	-1.2760181929910948	1.0845891726662913	-0.1717438663127524	0.0670834121095254
91.0	273.0	275.0	11000.0	-5.031094671657099	0.6347220564787186	-5.629013574840883	3.180141759008393	-0.5979189031837837	2.5454197025296743	-0.3016603702663758	-0.4178801374911387
91.0	274.0	275.0	11000.0	-2.5085375525788285	0.2714112835836078	-1.6917591743392677	1.7590432703960914	0.8167783782395608	1.4876319868124837	-0.12991650395362342	-0.4849635496006641
92.0	276.0	277.0	22000.0	-0.21664257414386334	-0.31516484552437785	-0.15476706260574247	-0.28896050640025805	0.061875511538120875	0.02620433912411979	-0.07568421730927355	-0.06006605590447123
92.0	276.0	278.0	22000.0	-4.772961269422717	-0.2550803183272343	-4.559832266494368	-0.07206363249213155	0.21312900292834858	0.18301668583510278	0.4889626569107577	0.3952084741436295
92.0	277.0	278.0	22000.0	-4.459160434898589	0.22682329449610616	-4.4050652038886255	0.2168968739081265	0.054095231009963385	-0.009926420587979656	0.5646468742200312	0.4552745300481007
93.0	279.0	280.0	12000.0	-2.6985548266444797	0.42758017895305045	-2.7558814138976686	0.9087294008318167	-0.057326587253188954	0.4811492218787663	-0.22950603746994602	-0.8722020861264639
93.0	279.0	281.0	12000.0	-2.451093131008113	0.7878823830828177	-2.4063346244638524	2.548306954957752	0.04475850654426061	1.7604245718749345	0.3117788752051496	-0.4539888572845996
93.0	280.0	281.0	12000.0	0.11962211919555266	0.2523730072557271	0.34954678943381623	1.6395775541259354	0.22992467023826357	1.3872045468702083	0.5412849126750956	0.4182132288418643
94.0	282.0	283.0	11000.0	0.02427535295122052	0.03280654536548244	1.5059818801682923	0.0713981747011303	1.4817065272170717	0.03859162933564786	0.43484538558945474	0.18753403649476752
94.0	282.0	284.0	11000.0	-0.22180629218178716	0.2741587534803518	4.536488856607775	0.4992703513401011	4.758295148789562	0.22511159785974932	0.6103805227086383	0.7723892826453209
94.0	283.0	284.0	11000.0	-0.30443499126290696	0.3559220725409977	3.030506976439483	0.4278721766389708	3.33494196770239	0.07195010409797309	0.17553513711918356	0.5848552461505534
95.0	285.0	286.0	21000.0	-5.353006838090151	-0.23975698877510254	-5.1297888793235416	2.1616397116121107	0.22321795876660921	2.401396700387213	-0.09644684957518734	0.15706678336285052
95.0	285.0	287.0	21000.0	-6.7478892388080665	6.230098325928603	-3.3274514575973626	10.048967720362612	3.420437781210704	3.8188693944340084	1.0535311571548505	0.5627938711889726
95.0	286.0	287.0	21000.0	-1.3255346962897363	6.472772005692811	1.802337421726179	7.887328008750501	3.1278721180159152	1.4145560030576902	1.1499780067300378	0.4057270878261221
96.0	288.0	289.0	21000.0	-1.889330233278078	0.00219487784442407	-1.2115724693888978	-0.07050052960914854	0.6777577638891801	-0.07269540745357261	-0.5141876404015875	-0.2199408609727982
96.0	288.0	290.0	21000.0	-0.1570266819901125	-0.1548567452458558	-0.7139990383254826	-0.8062667654668303	-0.5569723563353701	-0.6514100202209745	-0.8637860522865424	-0.8051869052885081
96.0	289.0	290.0	21000.0	1.7869682767375963	-0.20625968044048637	0.49757343106341523	-0.7357662358576817	-1.289394845674181	-0.5295065554171954	-0.3495984118849549	-0.5852460443157099
97.0	291.0	292.0	22000.0	-0.8555074195949182	0.13567350639669673	2.175397851934008	1.0468812239023464	3.030905271528926	0.9112077175056497	0.7090520276007908	0.8332516796678959
97.0	291.0	293.0	22000.0	-1.2401970059187128	0.4358339351994447	2.8858524773847876	-0.05952300088733864	4.1260494833035	-0.49535693608678333	0.7627403738041494	0.3138304031757144
97.0	292.0	293.0	22000.0	-0.212934851043026	0.15600040248677338	0.7104546254507795	-1.106404224789685	0.9233894764938055	-1.2624046272764584	0.053688346203358606	-0.5194212764921815
98.0	294.0	295.0	11000.0	-16.84941935605415	-0.02414044218351119	-15.061589595918235	2.5781333696255615	1.7878297601359137	2.6022738118090727	0.22227779167153017	0.5900592793074253
98.0	294.0	296.0	11000.0	-3.3975586463367167	0.6783369613796069	-2.5792835110729584	-1.2462758223524588	0.8182751352637583	-1.9246127837320657	0.42796653108578653	0.8647197837877911
98.0	295.0	296.0	11000.0	13.34075968925735	0.6377315182428669	12.482306084845277	-3.8244091919780203	-0.8584536044120732	-4.462140710220887	0.20568873941425636	0.27466050448036583
99.0	297.0	298.0	12000.0	-4.949367282220214	0.13222161334862736	-2.9717917947839396	0.25341517948868386	1.9775754874362743	0.1211935661400565	0.2017170127012946	0.0802501340708659
99.0	297.0	299.0	12000.0	-2.0389583204314974	0.24133596065937102	0.04027274380155177	0.2671121837653345	2.079231064233049	0.025776223105963503	0.1256254911492647	0.23948481212494244
99.0	298.0	299.0	12000.0	2.9147562908184304	-0.05114832195607111	3.0120645385854914	0.01369700427665066	0.09730824776706104	0.06484532623272177	-0.07609152155202992	0.15923467805407654
