0.0	0.0	1.0	12000.0	8.040510585364128	0.813956149885187	-0.8520783513506558	1.559315415860965	-8.892588936714784	0.745359265975778	0.20318886247667933	0.8527387507708823
0.0	0.0	2.0	12000.0	10.389214248077142	-6.340870021356579	7.035427040961849	-1.4133562522652028	-3.3537872071152925	4.927513769091377	3.0271849568897977	4.731515299465656
0.0	1.0	2.0	12000.0	2.159907052987335	-6.98714129024586	7.887505392312505	-2.972671668126168	5.72759833932517	4.014469622119692	2.8239960944131184	3.8787765486947734
1.0	3.0	4.0	21000.0	-5.422296789066199	-0.8735525142102603	-8.741453380230723	-4.188855731257945	-3.319156591164524	-3.315303217047685	0.2989728825226763	0.0824624524929618
1.0	4.0	5.0	21000.0	-4.5423382681003295	-0.7213655423088907	-11.439151527900776	-2.0457784766063014	-6.896813259800447	-1.3244129342974107	1.45433339562058	1.5131298149530323
2.0	6.0	7.0	11000.0	-0.4860405260079803	-0.13793687823497258	-2.69439388762612	-0.1380554033480621	-2.2083533616181397	-0.00011852511308951819	0.022940338131036242	0.47941107800480154
2.0	6.0	8.0	11000.0	-1.6486214334314075	0.13371717856303533	-3.2312596287815722	-1.33986242224114	-1.5826381953501647	-1.4735796008041753	0.1390837956864459	-0.26926928147152296
2.0	7.0	8.0	11000.0	-1.0611683764460187	0.29550463760231427	-0.5368657411554523	-1.2018070188930778	0.5243026352905664	-1.497311656495392	0.11614345755540967	-0.7486803594763245
3.0	9.0	10.0	22000.0	1.368124113615286	-0.22122868845200916	2.3546210300617076	2.0910624577102226	0.9864969164464217	2.3122911461622317	-0.49393941959617393	-0.6416016350708702
3.0	9.0	11.0	22000.0	0.6927312562377326	-0.3141587317850201	1.9382425292706102	0.48887981500683964	1.2455112730328777	0.8030385467918597	-0.8875017479493152	-0.18505099495028787
3.0	10.0	11.0	22000.0	-0.4280543227659068	-0.22933176503608266	-0.4163785007910974	-1.602182642703383	0.01167582197480943	-1.3728508776673003	-0.3935623283531413	0.45655064012058233
4.0	12.0	13.0	11000.0	0.01117674745364905	-0.06227597583240296	1.1320849929475116	-1.8439692887213823	1.1209082454938626	-1.7816933128889794	-1.84356612361249	-3.116095303160833
4.0	12.0	14.0	11000.0	0.17120445521216876	0.12360609472596629	2.1990763072303707	-1.0044390107811978	2.027871852018202	-1.128045105507164	-1.9166015767404616	-2.8955792756735406
4.0	13.0	14.0	11000.0	0.1739555501176655	0.18271157958773188	1.066991314282859	0.8395302779401845	0.8930357641651936	0.6568186983524527	-0.07303545312797155	0.22051602748729238
5.0	15.0	16.0	21000.0	-0.4426102046417961	-0.13373588777099865	0.021884645488853494	-0.7556684066548769	0.4644948501306496	-0.6219325188838782	-0.3847491874863067	-0.23886218096197354
5.0	15.0	17.0	21000.0	-0.7193125814178556	-0.052850233347541575	-2.6034734477241273	-0.4401493135646888	-1.8841608663062717	-0.3872990802171472	0.13638183742028787	-0.22671513602601578
5.0	16.0	17.0	21000.0	-0.3723731459005446	-0.0881528307003876	-2.6253580932129807	0.3155190930901881	-2.252984947312436	0.4036719237905757	0.5211310249065946	0.012147044935957751
6.0	18.0	19.0	22000.0	-0.7842207151008491	-2.242824123666959	-0.09974466707421925	-2.5561065835365753	0.6844760480266299	-0.3132824598696162	-0.08138878478519018	0.6766228703320394
6.0	18.0	20.0	22000.0	3.0050503850370127	-4.130577963688437	1.5622522350497547	-6.0444854881591255	-1.442798149987258	-1.9139075244706882	-0.8464007985230921	-0.2881322308944192
6.0	19.0	20.0	22000.0	3.789493641202781	-1.8392276486914492	1.661996902123974	-3.48837890462255	-2.127496739078807	-1.649151255931101	-0.765012013737902	-0.9647551012264586
7.0	21.0	22.0	12000.0	-0.11369355774841505	0.20226832255993887	0.6246830563404728	0.14625786415672337	0.7383766140888879	-0.0560104584032155	-0.7747806381540983	-0.2063323887552002
7.0	21.0	23.0	12000.0	0.6068789799039198	-0.11691705044899159	2.6454536715691574	-2.59934172850717	2.0385746916652376	-2.4824246780581785	-2.5946541365060938	-5.851532110498823
7.0	22.0	23.0	12000.0	0.8988830739039226	-0.25746848348086715	2.0207706152286846	-2.7455995926638934	1.121887541324762	-2.4881311091830263	-1.8198734983519955	-5.645199721743623
8.0	24.0	25.0	12000.0	-0.7172881197742704	-0.6987118147563907	0.11810388240360226	-0.7955647046483136	0.8353920021778727	-0.09685288989192298	-0.024207488902035834	-0.3010699233389147
8.0	24.0	26.0	12000.0	-0.4621151680481148	-0.32989118576984744	-0.3565427219234607	1.449247505749554	0.1055724461246541	1.7791386915194014	1.7399938325040267	0.03446326882196615
8.0	25.0	26.0	12000.0	-0.0032478213664690614	0.27955175391551457	-0.47464660432706296	2.2448122103978676	-0.4713987829605939	1.965260456482353	1.7642013214060626	0.33553319216088084
9.0	27.0	28.0	11000.0	0.2382961803613588	0.7325802827629264	1.1485935331979817	0.6456628097269004	0.9102973528366229	-0.08691747303602604	-0.552173739208655	-0.8179829735857567
9.0	27.0	29.0	11000.0	-1.9140422056296256	2.480964055209136	1.7877263086600124	2.0510823603974586	3.701768514289638	-0.4298816948116775	-1.4378206926492396	-1.1645953805920186
9.0	28.0	29.0	11000.0	-2.197060773305159	1.7638797721981394	0.6391327754620306	1.4054195506705582	2.8361935487671897	-0.35846022152758117	-0.8856469534405846	-0.34661240700626195
10.0	30.0	31.0	22000.0	-1.0487408974661951	0.1287291468356857	-0.4121814745892607	0.15904779722404783	0.6365594228769345	0.030318650388362123	-0.3984144907512075	0.690611651263751
10.0	30.0	32.0	22000.0	-0.2934848525078273	0.15373123411772038	-0.03370937914451133	-1.585585377481948	0.25977547336331597	-1.7393166115996683	0.7031879796014096	1.2435458909772876
10.0	31.0	32.0	22000.0	0.4799261918220825	0.19543064297283852	0.37847209544474936	-1.7446331747059958	-0.10145409637733316	-1.9400638176788343	1.101602470352617	0.5529342397135366
11.0	33.0	34.0	21000.0	-0.9772531638730557	-1.3530980005126345	2.5472367536140155	-3.5600402403595126	3.524489917487071	-2.206942239846878	-1.6256045424203762	-2.4953656264943476
11.0	33.0	35.0	21000.0	-0.18455214176907297	-1.8354924256488552	2.8514547062600286	-3.252777382085924	3.0360068480291016	-1.4172849564370686	-1.0145074119954671	-1.1435866531087129
11.0	34.0	35.0	21000.0	0.5755209750688088	-0.3588611942436932	0.30421795264601315	0.3072628582735888	-0.2713030224227957	0.666124052517282	0.6110971304249091	1.3517789733856347
12.0	36.0	37.0	21000.0	-4.852501015489952	0.9345902155218067	-0.8029179168463543	-0.7212542703371128	4.0495830986435974	-1.6558444858589194	-0.8205751142453437	-0.23419902753093425
12.0	36.0	38.0	21000.0	-4.870393831000957	1.745906222059599	-2.110441461687742	-1.0495578924842448	2.759952369313215	-2.7954641145438437	-1.8900827773911715	-1.6597503491567949
12.0	37.0	38.0	21000.0	-0.09820390867028728	0.7392101051437896	-1.3075235448413878	-0.32830362214713205	-1.2093196361711005	-1.0675137272909216	-1.0695076631458278	-1.4255513216258606
13.0	39.0	40.0	12000.0	-0.011676865499754108	-0.28243517505258176	-0.24117297838984086	0.19898877637933765	-0.22949611289008676	0.4814239514319194	-0.10523204188299928	0.17304361785788558
13.0	39.0	41.0	12000.0	-0.581966419796343	-0.4314633618404127	-0.658119588055115	2.102265046282355	-0.07615316825877194	2.5337284081227676	-0.657264520740938	-0.2743827099156988
13.0	40.0	41.0	12000.0	-0.553789609836163	0.028626060019787403	-0.4169466096652741	1.9032762699030172	0.1368430001708889	1.8746502098832298	-0.5520324788579387	-0.4474263277735844
14.0	42.0	43.0	11000.0	-0.5287347867070933	-0.677860724572902	0.2340390699364434	-1.7496822078392142	0.7627738566435367	-1.0718214832663122	0.2309252638849273	-0.8703589169963948
14.0	42.0	44.0	11000.0	-1.241453399055911	0.20905908961959163	1.8862261454628424	-1.7188794506057548	3.1276795445187533	-1.9279385402253464	-0.07660797124422913	-1.0962031133717005
14.0	43.0	44.0	11000.0	-0.8395457475319805	0.9436347771014848	1.652187075526399	0.030802757233459488	2.4917328230583795	-0.9128320198680253	-0.3075332351291564	-0.22584419637530573
15.0	45.0	46.0	22000.0	0.6116723180301848	0.1761989348376325	0.5627393512238541	0.03852741659079584	-0.04893296680633075	-0.13767151824683665	0.12758760996149476	0.47423843062669846
15.0	45.0	47.0	22000.0	1.9531042231942601	-0.10587306377788774	0.43909954797913997	0.6247457178374134	-1.5140046752151202	0.7306187816153011	0.8298399930611282	3.294360044705158
15.0	46.0	47.0	22000.0	1.3791270601667263	-0.3340458000575186	-0.12363980324471413	0.5862183012466176	-1.5027668634114404	0.9202641013041362	0.7022523830996334	2.8201216140784595
16.0	48.0	49.0	12000.0	0.9795256125884642	-0.6074776379998088	0.7539213296008711	0.12808408710475305	-0.22560428298759305	0.7355617251045619	0.2449344705516836	0.28302874521284593
16.0	48.0	50.0	12000.0	0.7286510917727265	-0.20402006868551048	0.4882868892402712	3.252513204636216	-0.24036420253245527	3.4565332733217264	0.8571202618934279	0.8388207372208711
16.0	49.0	50.0	12000.0	-0.0935167426716692	0.3479951987812546	-0.2656344403605999	3.124429117531463	-0.1721176976889307	2.7764339187502083	0.6121857913417443	0.5557919920080252
17.0	51.0	52.0	21000.0	-1.3059325551204202	-0.7426742164843292	-1.2105400578700483	-1.3915657608608853	0.09539249725037191	-0.6488915443765562	-0.5954061367063161	-1.070689885359073
17.0	51.0	53.0	21000.0	-1.1236236903413719	-0.7422188852665705	-2.3562432369581074	-1.7233125973521055	-1.2326195466167356	-0.981093712085535	-1.0404464061507355	-1.3895179564344176
17.0	52.0	53.0	21000.0	0.07710387569774024	0.08266030308493466	-1.1457031790880592	-0.33174683649122017	-1.2228070547857994	-0.4144071395761548	-0.4450402694444193	-0.3188280710753446
18.0	54.0	55.0	11000.0	-7.482521613661119	0.7295906892860646	0.3487255657566948	-2.271179966246109	7.831247179417813	-3.0007706555321736	0.7446686817586539	0.45619545494511726
18.0	54.0	56.0	11000.0	-9.379237556805371	-0.34418888119917757	-0.8622113203146	-4.658151442989038	8.517026236490771	-4.31396256178986	0.9379403738828813	0.2448999140854653
18.0	55.0	56.0	11000.0	-1.9222822061092772	-1.0857177976390506	-1.2109368860712948	-2.3869714767429286	0.7113453200379825	-1.301253679103878	0.19327169212422746	-0.21129554085965196
19.0	57.0	58.0	22000.0	-0.6386478102653701	-0.22735369244405135	0.049554741116935475	0.4681897668324382	0.6882025513823056	0.6955434592764895	0.13120515629717033	0.9417585777740669
19.0	57.0	59.0	22000.0	0.6760582756230891	0.30711971264076254	1.7143970566451117	-2.673631200847467	1.0383387810220226	-2.9807509134882295	-1.7313031383539226	-2.9134183312232835
19.0	58.0	59.0	22000.0	1.3002051339928204	0.6225405624367504	1.6648423155281762	-3.141820967679905	0.36463718153535574	-3.7643615301166555	-1.862508294651093	-3.8551769089973504
20.0	60.0	61.0	22000.0	1.5762108265557	0.07979256971656845	2.0176454561842547	0.381564886351498	0.44143462962855473	0.30177231663492954	0.03345633160679995	0.20080510528622142
20.0	60.0	62.0	22000.0	0.960843164035575	-0.46073759402038217	1.2495969290293942	-1.9350584405947302	0.2887537649938192	-1.474320846574348	0.13440449794426002	-0.01171294452866789
20.0	61.0	62.0	22000.0	-0.41954546794052305	-0.6342250792482265	-0.7680485271548605	-2.316623326946228	-0.34850305921433744	-1.6823982476980017	0.10094816633746007	-0.2125180498148893
21.0	63.0	64.0	21000.0	-1.1257665770281466	0.04491316268402823	-1.3286021370922754	3.005328730037945	-0.20283556006412873	2.960415567353917	1.6034413573356687	4.4690695202352515
21.0	63.0	65.0	21000.0	-0.8289900756867796	0.9726833845721021	-2.513862550414615	0.7719637548298124	-1.6848724747278352	-0.20071962974228974	0.513197709725361	0.9508659756758959
21.0	64.0	65.0	21000.0	0.1799148375907187	0.9132043986496772	-1.1852604133223394	-2.233364975208133	-1.3651752509130581	-3.14656937385781	-1.0902436476103077	-3.5182035445593556
22.0	66.0	67.0	12000.0	0.0773837844112144	0.29383344853775917	-0.7436843960797432	0.02094556512543022	-0.8210681804909576	-0.27288788341232895	-0.4202528105205374	-0.5634661716462688
22.0	66.0	68.0	12000.0	0.1482318264791136	-0.7999504126214987	-0.34942180307234594	0.26508815190959467	-0.49765362955145953	1.0650385645310934	0.39189035307995823	0.02201656945631214
22.0	67.0	68.0	12000.0	0.09406525889381445	-1.0281252078754024	0.3942625930073973	0.24414258678416445	0.30019733411358285	1.2722677946595669	0.8121431636004957	0.5854827411025809
23.0	69.0	70.0	11000.0	-0.8997654436970226	-0.661720665556766	-1.0852156099037984	0.7684456208205575	-0.1854501662067758	1.4301662863773235	1.1520677589471546	3.3378706485076606
23.0	69.0	71.0	11000.0	-0.8701350277630517	-0.7383857866701327	0.7783523083733144	-0.10603654526767059	1.648487336136366	0.6323492414024621	1.3618061521949443	3.208662113857997
23.0	70.0	71.0	11000.0	0.016314050480031206	-0.06617700553629735	1.8635679182771128	-0.874482166088228	1.8472538677970816	-0.8083051605519307	0.20973839324778965	-0.12920853464966342
24.0	72.0	73.0	21000.0	-0.3892483175666106	-0.5754750690201789	0.028045693721196585	-2.1309764948662178	0.4172940112878072	-1.555501425846039	-0.649990973235461	-1.2362321714175124
24.0	72.0	74.0	21000.0	-0.8941598521336296	-0.7286637336616328	-1.0627220679746188	-3.4274395201571224	-0.16856221584098918	-2.6987757864954895	-1.403421380941566	-2.319559600938206
24.0	73.0	74.0	21000.0	-0.36126723334193134	0.00960725487200964	-1.0907677616958154	-1.2964630252909046	-0.729500528353884	-1.3060702801629143	-0.7534304077061051	-1.0833274295206934
25.0	75.0	76.0	11000.0	-2.916818819971672	-0.11860706460443193	-3.430043282869292	0.010151308796139347	-0.5132244628976199	0.12875837340057128	-0.41615752556012353	-0.03385665529377491
25.0	75.0	77.0	11000.0	-4.127127628131861	0.7990588184020684	-3.7123410365054497	0.9157720192110901	0.4147865916264113	0.1167132008090217	-0.06231451489836104	0.1969900232017494
25.0	76.0	77.0	11000.0	-1.2370045506379848	1.0014778383376894	-0.2822977536361577	0.9056207104149507	0.954706797001827	-0.0958571279227387	0.3538430106617625	0.23084667849552432
26.0	78.0	79.0	12000.0	0.2682477437908082	0.15519841667392864	-0.4041171178580498	0.08281927606844874	-0.672364861648858	-0.0723791406054799	-0.8670751853739063	-1.0507887278333072
26.0	78.0	80.0	12000.0	0.7318145875822637	-0.11501550905207214	1.5413454158417608	0.8282954631865778	0.8095308282594971	0.9433109722386499	-2.5757311187621923	-2.784255303686521
26.0	79.0	80.0	12000.0	0.3004711778610014	-0.20667922886481627	1.9454625336998106	0.745476187118129	1.6449913558388092	0.9521554159829453	-1.708655933388286	-1.733466575853214
27.0	81.0	82.0	22000.0	-0.9012073790410886	-0.9291880065819296	-5.831708493497217	0.035422074360667466	-4.930501114456129	0.964610080942597	2.808337930636725	2.20842612472066
27.0	81.0	83.0	22000.0	-0.2968581430592616	-1.2611733389671675	-5.661958093938665	-1.7033529299619659	-5.3650999508794035	-0.4421795909947983	3.39382661950404	3.5930707114179796
27.0	82.0	83.0	22000.0	0.4114763959994603	-0.31687494345104206	0.1697503995585521	-1.7387750043226333	-0.2417259964409082	-1.4219000608715913	0.585488688867315	1.3846445866973198
28.0	84.0	85.0	12000.0	0.21115795742572363	0.16588325932253412	1.3516656753590723	-0.6891340546699212	1.1405077179333487	-0.8550173139924553	-0.5473613589063007	-0.39868696466831466
28.0	84.0	86.0	12000.0	-0.2008441690571212	0.2863300646064104	1.3125366238896277	1.1019706098941242	1.5133807929467489	0.8156405452877138	-0.5463001854019609	-0.17305584853514233
28.0	85.0	86.0	12000.0	-0.39657153420421576	0.07494414480297173	-0.039129051469444676	1.7911046645640454	0.3574424827347711	1.7161605197610736	0.001061173504339763	0.22563111613317233
29.0	87.0	88.0	22000.0	-0.016471442339714315	-0.15340860026750658	0.771235066176132	-1.6419768993978323	0.7877065085158463	-1.4885682991303257	-1.6419659010174854	-2.3245954055672087
29.0	87.0	89.0	22000.0	-0.07407985894972224	-0.6251834713599527	1.0924881231092058	-3.372211054750096	1.166567982058928	-2.7470275833901434	-1.3256119023007926	-1.7789644050210427
29.0	88.0	89.0	22000.0	-0.08297562500190558	-0.281917276248449	0.3212530569330738	-1.7302341553522638	0.4042286819349794	-1.4483168791038148	0.3163539987166928	0.545631000546166
30.0	90.0	91.0	21000.0	0.7989022371390977	0.10682004248450117	0.4587614862762166	-0.3933838700427259	-0.3401407508628811	-0.5002039125272271	-0.12117277779555025	-1.1646418841311714
30.0	90.0	92.0	21000.0	0.8762101067927555	0.061592738187814966	-0.7917716519511941	-0.06579074209548708	-1.6679817587439496	-0.12738348028330204	-0.19682208252675082	-1.0987936180018636
30.0	91.0	92.0	21000.0	0.13775495853125275	-0.04973370350575923	-1.2505331382274107	0.3275931279472388	-1.3882880967586635	0.37732683145299806	-0.07564930473120057	0.06584826612930783
31.0	93.0	94.0	11000.0	1.2657043439424216	-0.8790624135250553	1.7252509054744678	0.039864459060254376	0.4595465615320462	0.9189268725853097	0.7671785430189431	0.7743829378678129
31.0	93.0	95.0	11000.0	1.6163467450085784	-1.3663587610040215	3.4824442957408337	-0.6542806165628008	1.8660975507322553	0.7120781444412208	2.1302166249804912	1.7345271022963402
31.0	94.0	95.0	11000.0	0.231112444501945	-0.3315046303622813	1.757193390266366	-0.6941450756230552	1.5260809457644209	-0.3626404452607739	1.3630380819615482	0.9601441644285273
32.0	96.0	97.0	12000.0	0.46081336743656287	-0.8175769754383868	0.40196526369913954	-0.7880836177102992	-0.05884810373742333	0.029493357728087588	0.31009676486509363	-0.12881298578199107
32.0	96.0	98.0	12000.0	-0.041856732035048694	-0.9901213914729166	0.29424512352693455	0.7953089821942285	0.33610185556198324	1.785430373667145	0.4289283315757473	0.5616249474863793
32.0	97.0	98.0	12000.0	-0.48430774765829465	-0.17167086917315544	-0.10772014017220499	1.5833925999045277	0.37658760748608966	1.7550634690776832	0.11883156671065365	0.6904379332683703
33.0	99.0	100.0	11000.0	0.305199649620433	-0.266758426990771	-0.1574985122454109	1.8909813489080989	-0.4626981618658439	2.15773977589887	0.7999122127941405	2.5614387955477156
33.0	99.0	101.0	11000.0	0.6432895389357682	-1.157449066102597	0.5800705470103367	2.8408051208657525	-0.06321899192543157	3.9982541869683494	1.6650552752601584	4.220213130040747
33.0	100.0	101.0	11000.0	0.14423945861229903	-0.658547623069806	0.7375690592557476	0.9498237719576537	0.5933296006434485	1.6083713950274596	0.8651430624660179	1.6587743344930317
34.0	102.0	103.0	22000.0	-0.4579146705239614	0.047689824410116266	-0.7578451009549099	1.001786066726254	-0.29993043043094847	0.9540962423161377	1.7235057337008612	2.9801154085003674
34.0	102.0	104.0	22000.0	-0.44543703025729364	0.25180394638574466	-0.8685555370398106	-0.7919974294779877	-0.42311850678251695	-1.0438013758637323	2.6627465551909353	3.809383913055555
34.0	103.0	104.0	22000.0	0.08192523181252742	0.1663434598233362	-0.11071043608490072	-1.7937834962042416	-0.19263566789742814	-1.9601269560275778	0.939240821490074	0.8292685045551877
35.0	105.0	106.0	21000.0	-0.1322600152929585	0.17930460801100256	0.08853574994327573	0.816818853256791	0.22079576523623423	0.6375142452457885	-0.8961065779715653	-0.8906434582401062
35.0	105.0	107.0	21000.0	0.4180269924669089	0.19960044718820935	-0.997148599544289	0.1794775623170608	-1.415175592011198	-0.02012288487114855	-2.3468917924478774	-3.1386609909682903
35.0	106.0	107.0	21000.0	0.5312556023022958	0.007809607474215774	-1.0856843494875648	-0.6373412909397302	-1.6169399517898606	-0.645150898413946	-1.450785214476312	-2.248017532728184
36.0	108.0	109.0	11000.0	0.4792133975446591	-0.16808276173882497	1.123878467724353	-1.8801215610744748	0.6446650701796939	-1.7120387993356498	0.0029106360979938017	-1.6373847882206576
36.0	108.0	110.0	11000.0	0.23984746240039012	-0.1525778158702078	2.057050031251947	-2.6369043778981904	1.817202568851557	-2.4843265620279826	1.0584412211822354	-0.5240410369770814
36.0	109.0	110.0	11000.0	-0.2744811907741376	0.08667992574760852	0.9331715635275941	-0.7567828168237156	1.2076527543017317	-0.8434627425713241	1.0555305850842416	1.1133437512435762
37.0	111.0	112.0	12000.0	-0.42471227044947657	0.7658539344987627	-0.5922186275925014	1.2181188362073954	-0.16750635714302486	0.45226490170863265	0.47868704945520335	1.3189543026658015
37.0	111.0	113.0	12000.0	-0.6169346840876733	0.7235639490457961	-1.0653919171193138	1.2521407148233266	-0.44845723303164053	0.5285767657775304	0.08010326857589689	0.26394033577022924
37.0	112.0	113.0	12000.0	0.008911780798184665	-0.1270728903263807	-0.47317328952681237	0.0340218786159312	-0.48208507032499703	0.1610947689423119	-0.39858378087930646	-1.0550139668955723
38.0	114.0	115.0	21000.0	0.02140848632101644	-0.8798196937066782	0.11469787340183757	0.07968460464485361	0.09328938708082113	0.9595042983515318	0.7978187133047356	1.0238657914307083
38.0	114.0	116.0	21000.0	-1.893735628917839	-1.0552739010519385	-3.7829013771945483	-0.2182763598029851	-1.8891657482767092	0.8369975412489534	1.7843801135510944	1.1532748430692408
38.0	115.0	116.0	21000.0	-2.0559828404165907	-0.19328256789610165	-3.897599250596386	-0.2979609644478387	-1.8416164101797952	-0.10467839655173705	0.9865614002463587	0.12940905163853245
39.0	117.0	118.0	22000.0	-1.019150658408977	-0.06525928231750022	-1.3111448451168144	0.018600711739281905	-0.2919941867078375	0.08385999405678213	0.3169855761824607	1.1076630697868097
39.0	117.0	119.0	22000.0	-1.2680377715179532	-0.09236390487821389	-1.653200328166804	-2.064784783321784	-0.3851625566488508	-1.97242087844357	-0.484938707798662	0.24075727273174152
39.0	118.0	119.0	22000.0	-0.29660968678071065	-0.026512040068428888	-0.34205548304998956	-2.0833854950610657	-0.045445796269278915	-2.056873454992637	-0.8019242839811227	-0.8669057970550682
40.0	120.0	121.0	12000.0	-1.1942736159233736	0.42490666774164687	-0.5313891863595472	-0.803038579994336	0.6628844295638263	-1.227945247735983	-0.25630327442296164	-0.6677727603514683
40.0	120.0	122.0	12000.0	-0.11715831273836219	2.1145316763723034	0.7003472241940472	2.8790800885340104	0.8175055369324093	0.764548412161707	0.848535108758881	0.8077657587075748
40.0	121.0	122.0	12000.0	1.1368831572380982	1.7638952930782112	1.2317364105535944	3.6821186685283465	0.09485325331549621	1.9182233754501352	1.1048383831818427	1.475538519059043
41.0	123.0	124.0	22000.0	-5.100810774500718	0.07855008370479943	-3.4511985842791546	-1.0968020378313668	1.6496121902215632	-1.1753521215361662	-0.3780928479033321	-0.02295800678376736
41.0	123.0	125.0	22000.0	-6.870725573963902	1.9205347930793693	-2.1384443361089325	-1.6088161734317055	4.73228123785497	-3.5293509665110747	-0.32927387624877724	0.09958271247352002
41.0	124.0	125.0	22000.0	-1.7825796946604893	1.8289944276568582	1.3127542481702221	-0.5120141356003387	3.0953339428307114	-2.341008563257197	0.048818971654554844	0.12254071925728738
42.0	126.0	127.0	11000.0	-0.5461809513177407	0.07965764925527186	-1.4411696447200484	-1.46731501395152	-0.8949886934023077	-1.546972663206792	1.6521919034068162	1.0601893542713299
42.0	126.0	128.0	11000.0	-0.24347152698019414	0.02710682095078365	0.05853102556284284	-2.2170344955884502	0.302002552543037	-2.244141316539234	2.643092273106035	2.1094420565773078
42.0	127.0	128.0	11000.0	0.26437476120220715	0.0727778074066503	1.4997006702828912	-0.7497194816369301	1.235325909080684	-0.8224972890435804	0.9909003696992187	1.049252702305978
43.0	129.0	130.0	21000.0	1.8957061734793843	-0.04573719012972077	0.7178832663607864	0.5284841416471409	-1.177822907118598	0.5742213317768616	0.7530452976608331	0.4839308977068839
43.0	129.0	131.0	21000.0	2.676826333864728	0.7415810566208352	0.6707702204462294	1.828576225105735	-2.0060561134184987	1.0869951684848997	1.508496088754299	2.2090416971042544
43.0	130.0	131.0	21000.0	0.5994735873333559	0.7885315148816074	-0.047113045914557006	1.300092083458594	-0.6465866332479129	0.5115605685769866	0.755450791093466	1.7251107993973704
44.0	133.0	134.0	21000.0	-0.0702540547849031	0.17873895931940087	-1.0545624035239598	-0.5340384246096619	-0.9843083487390567	-0.7127773839290628	-0.9080013256219388	-0.9759414929530124
45.0	135.0	136.0	11000.0	1.181218324639027	-0.02726579261108153	1.7642374920483235	-1.1351775173795886	0.5830191674092964	-1.107911724768507	-1.1148023206901883	-2.1230035483387297
45.0	135.0	137.0	11000.0	-0.00934863983123524	0.49079940124522015	1.3175420039688106	-1.3663090595982794	1.3268906438000458	-1.8571084608434996	-0.7413593687352034	-2.025100473944164
45.0	136.0	137.0	11000.0	-1.2173175919027805	0.688120249343724	-0.44669548807951287	-0.2311315422186908	0.7706221038232677	-0.9192517915624148	0.3734429519549849	0.09790307439456569
46.0	138.0	139.0	12000.0	-0.037273462009970615	-0.0812560700775764	0.885031416283482	-1.2862380902197401	0.9223048782934526	-1.2049820201421637	-1.14663545854944	-1.8930266935512066
46.0	138.0	140.0	12000.0	0.816454899076847	-0.026556931670344675	1.8788895460509139	0.8693522496159858	1.0624346469740669	0.8959091812863305	-1.7940304740263002	-2.6780053034449764
46.0	139.0	140.0	12000.0	0.7431971428087101	0.16764011732165773	0.9938581297674318	2.155590339835726	0.25066098695872174	1.9879502225140682	-0.6473950154768602	-0.7849786098937699
47.0	141.0	142.0	22000.0	4.165875690798275	-0.4830244574324878	3.9995723104962053	1.165200181847922	-0.16630338030206993	1.6482246392804099	0.28164868875092	0.8471187812380805
47.0	141.0	143.0	22000.0	6.095603460319993	-0.4966281023122807	6.080155360226627	-0.33838774230503077	-0.015448100093366612	0.15824036000724995	0.8821190544002491	1.9414275092678963
47.0	142.0	143.0	22000.0	1.8542137789971713	0.0016943617720031057	2.0805830497304214	-1.5035879241529528	0.22636927073325008	-1.505282285924956	0.6004703656493291	1.0943087280298158
48.0	144.0	145.0	12000.0	-0.7322286536142064	0.8494094221069775	-1.7779502173350465	6.259962129518044	-1.0457215637208401	5.410552707411067	1.4532433518584327	6.730477219381328
48.0	144.0	146.0	12000.0	-1.3593699225527516	-0.1691076712495807	-2.0759740127014084	1.2469374665831765	-0.7166040901486568	1.4160451378327572	-0.18633876281862172	-0.8153478543910211
48.0	145.0	146.0	12000.0	-0.7871085096190962	-0.9970135211101345	-0.2980237953663618	-5.013024662934868	0.48908471425273436	-4.016011141824733	-1.6395821146770544	-7.545825073772349
49.0	147.0	148.0	22000.0	-0.12047056356620978	0.09858676984641512	0.25402147959357535	1.3215873708454637	0.3744920431597851	1.2230006009990486	1.0741470675624782	1.5173652323869078
49.0	147.0	149.0	22000.0	1.1935398488689213	0.2474716848962064	0.864689801765735	0.003955843657877267	-0.3288500471031863	-0.24351584123832914	1.468105003538767	1.3298288718026043
49.0	148.0	149.0	22000.0	1.236397322773021	0.0594507220432563	0.6106683221721596	-1.3176315271875865	-0.6257290006008613	-1.3770822492308428	0.3939579359762888	-0.18753636058430345
50.0	150.0	152.0	21000.0	-0.9535263818639788	1.8644027762563145	8.398231351937284	3.5008673205700234	9.351757733801263	1.636464544313709	2.217268274341251	2.5169766439510965
50.0	151.0	152.0	21000.0	-0.9016507656029527	1.3545866424502737	-4.415599326982829	1.6877746765026131	-3.513948561379876	0.33318803405233943	0.5171876253400285	0.6582419477761476
51.0	153.0	154.0	11000.0	0.2371934287620343	0.13591116387804103	6.027942658991151	2.73489826124478	5.790749230229117	2.598987097366739	0.0328125591468762	0.03990170534447657
51.0	153.0	155.0	11000.0	1.0612533205213346	0.570227759263652	7.793260265038725	2.6867357580886164	6.732006944517391	2.1165079988249644	-0.17460098709128147	-0.3683759047397075
51.0	154.0	155.0	11000.0	0.7261824088707014	0.43993818497557324	1.7653176060475744	-0.04816250315616344	1.039135197176873	-0.4881006881317367	-0.20741354623815766	-0.40827761008418406
52.0	156.0	157.0	21000.0	0.26549716829750203	-0.3537838200589585	0.9650599690223771	-3.335520446600185	0.6995628007248751	-2.9817366265412266	-0.29817900013367193	-2.9149313814694295
52.0	156.0	158.0	21000.0	-0.10239346381575931	-0.39757091517651766	-0.7880763819675849	-2.255044974413977	-0.6856829181518256	-1.8574740592374592	0.49564537126065034	0.3121352905702395
52.0	157.0	158.0	21000.0	-0.36231453252420565	-0.11653980637959194	-1.753136350989962	1.0804754721862082	-1.3908218184657564	1.1970152785658001	0.7938243713943223	3.227066672039669
53.0	159.0	160.0	11000.0	-0.02622469030633212	0.2032717959435919	-0.7242862159500874	0.2996795373430814	-0.6980615256437552	0.09640774139948949	1.2300427763433674	0.5827261734350628
53.0	159.0	161.0	11000.0	0.1952982582134295	0.1339824156311229	0.6793934530051047	1.0981946515826166	0.4840951947916752	0.9642122359514937	1.5425950449881043	2.099350600878978
53.0	160.0	161.0	11000.0	0.1568354778139618	-0.07360046485350669	1.403679668955192	0.7985151142395353	1.2468441911412302	0.8721155790930419	0.31255226864473684	1.5166244274439151
54.0	162.0	163.0	22000.0	-0.049996482916662366	-0.03832526060811592	0.07805789794906559	0.3200107316906724	0.12805438086572796	0.3583359922987883	-0.28448334910561357	0.2056720538797805
54.0	162.0	164.0	22000.0	0.26139823660022543	-0.11370782401094015	0.8197216960893456	-2.66353724894725	0.5583234594891202	-2.54982942493631	-1.3047806732026856	-0.3951327272920082
54.0	163.0	164.0	22000.0	0.231276601158811	-0.030459898881519898	0.74166379814028	-2.9835479806379226	0.5103871969814691	-2.9530880817564027	-1.020297324097072	-0.6008047811717887
55.0	165.0	166.0	12000.0	-1.5723394711648346	0.5600631560924043	-0.672395785322351	-0.040246345551167906	0.8999436858424836	-0.6003095016435722	0.6715677576410002	0.5271928641274428
55.0	165.0	167.0	12000.0	-3.8345119199562845	0.7375787257362365	-2.1552888360256475	1.0367621998375398	1.679223083930637	0.2991834741013033	1.6794879681640822	1.335025252886524
55.0	166.0	167.0	12000.0	-2.1920096732372256	0.13510826333711456	-1.4828930507032965	1.0770085453887077	0.7091166225339292	0.9419002820515932	1.007920210523082	0.8078323887590813
56.0	168.0	169.0	12000.0	0.3164797190477735	-0.18730192686835334	1.4110168831030023	-1.0010574496955087	1.0945371640552288	-0.8137555228271554	-0.41017273585330827	-0.18727858402485253
56.0	168.0	170.0	12000.0	0.7125096420275296	-0.3342140823998596	1.8903833934855356	0.9026492182342736	1.177873751458006	1.2368633006341332	-0.3532561172907549	-0.3375991101164715
56.0	169.0	170.0	12000.0	0.40683060597024046	0.011187874995512992	0.4793665103825333	1.9037066679297823	0.07253590441229285	1.8925187929342693	0.05691661856255337	-0.15032052609161894
57.0	171.0	172.0	11000.0	-0.33471207700921646	1.5658500590079765	-7.060165685715219	-0.8879436581914888	-6.725453608706003	-2.4537937171994653	0.6589349094073214	1.4012221854511608
57.0	171.0	173.0	11000.0	-1.309510411824128	1.809396740424435	-6.444182458515797	-1.493664248238474	-5.134672046691669	-3.303060988662909	0.7130265019350475	0.8767143304222031
57.0	172.0	173.0	11000.0	-0.9877630548145158	0.1803994535199065	0.6159832271994219	-0.6057205900469853	1.6037462820139377	-0.7861200435668918	0.05409159252772611	-0.5245078550289577
58.0	174.0	175.0	22000.0	6.873675799114495	-6.815254281120869	7.854968102555631	-4.659504329403717	0.981292303441136	2.1557499517171523	-0.22632449148181877	0.17194293852186604
58.0	174.0	176.0	22000.0	11.054694821885185	-10.355367463506946	14.504936906733974	-10.907888435981022	3.4502420848487887	-0.5525209724740758	0.09784967367008335	0.13436002521508783
58.0	175.0	176.0	22000.0	4.187739556562984	-3.6656652425110074	6.649968804178343	-6.248384106577305	2.462229247615359	-2.5827188640662975	0.3241741651519021	-0.03758291330677821
59.0	177.0	178.0	21000.0	-2.190371666681565	-3.3610816367594474	-2.3317655668440693	-3.948044541583613	-0.14139390016250442	-0.5869629048241656	0.17356960680676536	0.2884229673896499
59.0	177.0	179.0	21000.0	3.6295908047461136	-3.4854612956841873	-5.113154707289368	0.07030247389161559	-8.742745512035482	3.555763769575803	0.5840423986814471	0.4511896555615209
59.0	178.0	179.0	21000.0	5.770857565647937	-0.17057224345847288	-2.781389140445299	4.0183470154752285	-8.552246706093236	4.188919258933701	0.4104727918746818	0.162766688171871
60.0	180.0	181.0	12000.0	-4.591342616690881	2.17389876240006	-5.094577759389722	1.274067054362149	-0.5032351426988413	-0.8998317080379108	-0.8537367305016801	-1.6295283473139364
60.0	180.0	182.0	12000.0	-8.95762959445984	4.631790053833085	-4.068932012645746	3.4201628651780993	4.888697581814094	-1.2116271886549859	-0.6651801991585842	-1.0521459247684675
60.0	181.0	182.0	12000.0	-4.255445224784292	2.4529671572939096	1.025645746743976	2.1460958108159502	5.281090971528268	-0.30687134647795933	0.1885565313430959	0.5773824225454689
61.0	183.0	184.0	21000.0	2.1287728785265223	1.2268511269661122	1.2574119492792306	2.0734105419426214	-0.8713609292472917	0.8465594149765092	0.2601355378810126	0.44411720837430835
61.0	183.0	185.0	21000.0	2.1095648224321817	1.449518529652348	1.2075373373213552	3.0572388116531783	-0.9020274851108265	1.6077202820008303	-0.3370257634983176	0.7186473160764137
61.0	184.0	185.0	21000.0	-0.032795287611532054	0.25012501656606556	-0.04987461195787546	0.9838282697105569	-0.017079324346343405	0.7337032531444914	-0.5971613013793302	0.2745301077021054
62.0	187.0	188.0	22000.0	0.44946036447318427	0.85185839205203	-0.2915607405961964	-0.3686486423739552	-0.7410211050693807	-1.2205070344259852	-0.8376118416278047	-1.0589738932425377
63.0	189.0	190.0	11000.0	0.2012087730582488	0.11992601313890638	0.6316987706936743	-0.1658465785728822	0.4304899976354255	-0.2857725917117886	-0.5899919964019489	-1.1316926619663263
63.0	189.0	191.0	11000.0	0.4931276113653391	-0.040714352315888824	2.617578355323076	-0.10769783884870776	2.1244507439577367	-0.06698348653281894	-0.9623519969796206	-1.0831320269554539
63.0	190.0	191.0	11000.0	0.320482194855952	-0.09660675209144642	1.9858795846294015	0.05814873972417445	1.6653973897734495	0.15475549181562087	-0.3723600005776717	0.04856063501087249
64.0	192.0	193.0	12000.0	-3.299133220254279	-0.7995992288330029	-1.4338250702771802	-0.3737495823068002	1.865308149977099	0.4258496465262027	1.480046591655622	3.76248433477744
64.0	192.0	194.0	12000.0	-3.8568513410723666	-0.8362799950171711	0.06972296053572791	-0.9907681526403849	3.9265743016080945	-0.15448815762321377	1.7855555402138918	3.802152911821395
64.0	193.0	194.0	12000.0	-0.5386009185214942	-0.049950405448957014	1.503548030812908	-0.6170185703335846	2.0421489493344023	-0.5670681648846276	0.3055089485582698	0.039668577043954656
65.0	195.0	196.0	22000.0	1.6932742035395139	-0.2898205275477457	1.3175614023402886	0.8186082964184607	-0.37571280119922523	1.1084288239662063	0.8081139388819452	1.0995661248390576
65.0	195.0	197.0	22000.0	0.37194422971011853	-0.257729889007404	0.6807478836444716	-1.18291814081158	0.30880365393435305	-0.9251882518041761	1.333614810645912	2.2801005156471774
65.0	196.0	197.0	22000.0	-1.2758454781114823	-0.07423082446753604	-0.636813518695817	-2.0015264372300408	0.6390319594156653	-1.9272956127625047	0.5255008717639669	1.1805343908081198
66.0	198.0	199.0	21000.0	-0.31903096381671503	0.11327785819250824	-0.2059172498316002	-1.2148025170035908	0.11311371398511483	-1.328080375196099	0.3467309894814292	0.1830105010758416
66.0	198.0	200.0	21000.0	-0.24601748941164026	0.2565747520930781	-3.6188794907793636	1.3028933782588865	-3.3728620013677233	1.0463186261658084	1.9195490088312965	4.389946587779463
66.0	199.0	200.0	21000.0	0.05842750176704037	0.09013476634382034	-3.4129622409477633	2.5176958952624773	-3.4713897427148037	2.427561128918657	1.5728180193498673	4.206936086703621
67.0	202.0	203.0	11000.0	-3.8635396208648514	-1.6887716340981989	0.6136055869485517	-3.835314743769004	4.477145207813403	-2.146543109670805	-0.5342706317179307	-1.1276958836788822
68.0	204.0	205.0	12000.0	-3.52698905017537	2.803996775928022	-9.522458901576556	2.015832396979704	-5.995469851401186	-0.7881643789483181	-1.5713858973754355	-1.419682685738863
68.0	204.0	206.0	12000.0	-2.3288281528815453	3.812366321966863	-6.689410758986924	4.869337347569399	-4.360582606105378	1.056971025602536	-2.4963581112413067	-2.759086037113022
68.0	205.0	206.0	12000.0	1.1509159687210433	1.0836553890766263	2.8330481425896323	2.853504950589695	1.682132173868589	1.7698495615130687	-0.9249722138658711	-1.339403351374159
69.0	207.0	208.0	21000.0	-0.9043068243254027	-0.31681295797260933	-1.119520162525987	-2.2597370682124165	-0.2152133382005843	-1.9429241102398072	-1.0221747975683542	-2.395237220746779
69.0	207.0	209.0	21000.0	-1.8165206977962178	-1.0125219333766937	-5.117243224317235	-2.9287421018646	-3.3007225265210174	-1.9162201684879063	-1.0625343950203785	-2.719012706709023
69.0	208.0	209.0	21000.0	-0.8999504718878688	-0.573225731837546	-3.9977230617912483	-0.6690050336521836	-3.0977725899033794	-0.09577930181463756	-0.04035959745202433	-0.32377548596224415
70.0	210.0	211.0	11000.0	0.3758698225215902	1.9027711318698515	-1.3127161212128158	0.7649888198056942	-1.688585943734406	-1.1377823120641573	0.6376743147538662	0.6716682625507246
70.0	210.0	212.0	11000.0	1.6965399667408878	1.5384140095792205	1.3895448020102776	0.10531630677292014	-0.30699516473061017	-1.4330977028063003	-1.2243770283150184	-1.0011008430860358
70.0	211.0	212.0	11000.0	1.2007493671806966	-0.2759851551013952	2.7022609232230934	-0.6596725130327741	1.5015115560423968	-0.38368735793137887	-1.8620513430688845	-1.6727691056367604
71.0	213.0	214.0	22000.0	-0.8766313035214353	-0.07453790458334897	0.10801889395770559	-0.8469980631175531	0.9846501974791408	-0.7724601585342041	0.32662581764097354	0.08436000517642128
71.0	213.0	215.0	22000.0	-3.7079743102059126	-0.547935702813235	-1.7146573002264631	-5.908124365090316	1.9933170099794495	-5.360188662277081	-0.7055770920067346	-1.1370927930229158
71.0	214.0	215.0	22000.0	-2.8109203631288366	-0.5324005306110662	-1.8226761941841687	-5.061126301972763	0.9882441689446679	-4.528725771361697	-1.0322029096477081	-1.221452798199337
72.0	216.0	217.0	21000.0	0.12601691964919848	0.6914138823065938	1.0884096484392103	0.5324635040074099	0.9623927287900118	-0.1589503782991839	-0.9209270888428591	-1.3717511472258224
72.0	216.0	218.0	21000.0	0.10275249195192426	0.8103044786036753	-1.0282995631159793	0.781017679472825	-1.1310520550679035	-0.029286799130850305	-0.9402526062016108	-1.488692379395303
72.0	217.0	218.0	21000.0	-0.06204638302943977	0.0704250561162505	-2.1167092115551895	0.24855417546541503	-2.0546628285257498	0.17812911934916453	-0.019325517358751654	-0.11694123216948071
73.0	219.0	220.0	11000.0	-0.7578756469669488	-0.1683324615970916	-1.7991840099502951	0.5305656792484115	-1.0413083629833464	0.6988981408455031	-0.9752652438969136	-0.8516866865829797
73.0	219.0	221.0	11000.0	-0.2881385700957191	-0.024819858878489143	-0.40787726978169303	1.701677750686713	-0.11973869968597395	1.726497609565202	-1.6870153698927624	-1.6992149034548731
73.0	220.0	221.0	11000.0	0.3994051502267588	0.17958569717103767	1.3913067401686021	1.1711120714383014	0.9919015899418433	0.9915263742672638	-0.7117501259958487	-0.8475282168718934
74.0	223.0	224.0	22000.0	-0.4029319682848387	-0.17943603625636584	-1.2080198864405247	-2.2681351598243964	-0.805087918155686	-2.0886991235680306	0.8960926610666462	0.49319812516871764
75.0	225.0	226.0	12000.0	0.0978723590302426	-0.29067008836256125	0.6820532203760195	-1.1402842375673572	0.5841808613457768	-0.8496141492047959	0.01359394420099136	0.6276991555220661
75.0	225.0	227.0	12000.0	1.006794326667201	-0.3892553391058877	1.7632264858254985	0.9766475038559292	0.7564321591582974	1.365902842961817	0.8114622561155613	1.6125292190380378
75.0	226.0	227.0	12000.0	0.829634734678514	-0.12311672048168365	1.081173265449479	2.1169317414232864	0.251538530770965	2.24004846190497	0.79786831191457	0.9848300635159717
76.0	228.0	229.0	21000.0	0.11733507770051599	0.07448805325484731	0.08487185904618855	0.4782379023822614	-0.03246321865432744	0.4037498491274141	1.0133265593026408	0.8597259382987517
76.0	228.0	230.0	21000.0	-0.4443830888475011	-0.023496730474112937	-1.6788540781635675	1.2874864488726416	-1.2344709893160664	1.3109831793467546	1.9969934669770169	1.7293820672370686
76.0	229.0	230.0	21000.0	-0.44112421616411623	-0.051509005718576084	-1.763725937209756	0.8092485464903802	-1.3226017210456398	0.8607575522089563	0.983666907674376	0.8696561289383169
77.0	231.0	232.0	11000.0	0.276482282361191	0.19028087540689143	-4.855464579551381	4.744007731123929	-5.131946861912572	4.553726855717038	1.1705590567419506	1.1702589795117575
77.0	231.0	233.0	11000.0	1.2934880303348928	0.2556882119508952	-2.3830862665151926	4.755175543910582	-3.6765742968500854	4.499487331959687	0.665123147546339	0.9103398834828766
77.0	232.0	233.0	11000.0	0.8798697638523967	0.034066836333207284	2.472378313036188	0.011167812786652576	1.5925085491837914	-0.02289902354655471	-0.5054359091956115	-0.25991909602888086
78.0	234.0	235.0	22000.0	0.49123837304418405	0.24025272179328105	-0.9772475171466795	1.045505526605666	-1.4684858901908635	0.805252804812385	1.1127853733642183	1.273763834936915
78.0	234.0	236.0	22000.0	2.274390319733766	0.8176143591945406	-0.05277996580934996	-0.3998256564723306	-2.327170285543116	-1.2174400156668712	1.102667361834449	0.5768078940756141
78.0	235.0	236.0	22000.0	1.574047095883139	0.5433068640343794	0.9244675513373295	-1.4453311830779967	-0.6495795445458095	-1.9886380471123761	-0.010118011529769433	-0.6969559408613009
79.0	237.0	238.0	12000.0	1.08182931251548	0.30031436938284983	1.750774564491394	0.19160452029382213	0.6689452519759138	-0.1087098490890277	0.2665494618914863	0.8115239013145583
79.0	237.0	239.0	12000.0	0.6119548063238707	-0.02752034595798669	1.8537274800846717	0.9725662370035479	1.241772673760801	1.0000865829615346	1.1451507646993946	1.8257049177515796
79.0	238.0	239.0	12000.0	-0.36525201243934724	-0.27875213574660584	0.1029529155932778	0.7809617167097258	0.46820492803262503	1.0597138524563317	0.8786013028079083	1.0141810164370213
80.0	240.0	241.0	22000.0	-0.8662405336544952	-0.4828940841574587	-0.708151916904626	-0.9933333179485544	0.15808861674986918	-0.5104392337910957	-0.8341181398107551	-1.3002470359110134
80.0	240.0	242.0	22000.0	0.6763581783255423	-0.15370953067074833	1.1169156174441923	-3.0071446634142376	0.44055743911865	-2.8534351327434893	-1.6980599401915981	-2.9051459049289434
80.0	241.0	242.0	22000.0	1.6403022132571188	0.22429264644401492	1.8250675343488183	-2.013811345465683	0.18476532109169952	-2.238103991909698	-0.863941800380843	-1.60489886901793
81.0	243.0	244.0	12000.0	0.06877617677618719	0.23275458193406262	0.22154189046386819	-0.2549988015907729	0.152765713687681	-0.48775338352483555	0.12628566601844682	-0.36921055912503675
81.0	243.0	245.0	12000.0	0.9446432263737492	0.1375340631072195	0.9619320527212949	1.480803560632694	0.017288826347545694	1.3432694975254744	0.0830066199719397	-0.20424381814861192
81.0	244.0	245.0	12000.0	0.7036796142921116	-0.03607314839928133	0.7403901622574267	1.7358023622234668	0.03671054796531514	1.7718755106227482	-0.04327904604650712	0.16496674097642483
82.0	246.0	247.0	11000.0	-0.34784481516358134	-0.20534745511689678	-0.25741001922938267	-0.2922606900926894	0.09043479593419868	-0.08691323497579262	1.6201123689043442	2.110900912221126
82.0	246.0	248.0	11000.0	-0.8344758324840162	-0.6212139189301933	1.190844884700482	-3.173313328901031	2.0253207171844982	-2.552099409970838	2.002527120048441	1.7702492462415194
82.0	247.0	248.0	11000.0	-0.3822433735646449	-0.2369967290810937	1.4482549039298647	-2.8810526388083417	1.8304982774945096	-2.644055909727248	0.38241475114409695	-0.34065166597960683
83.0	249.0	250.0	21000.0	-0.4337206869047838	0.2633837279662412	-9.830197100707665	-0.3436166147334916	-9.39647641380288	-0.6070003426997328	0.7794841911553902	3.855515986420798
83.0	250.0	251.0	21000.0	-0.311000188295818	-0.08103665811427518	-2.180759453860901	-0.7400180593017467	-1.869759265565083	-0.6589814011874715	-0.19442200987749914	-0.36405369126048015
84.0	252.0	253.0	21000.0	-1.2174005980470124	-0.6662978254755911	-1.5175591962215549	1.399002461127111	-0.3001585981745425	2.065300286602702	1.1941244707764298	3.7468989588231523
84.0	252.0	254.0	21000.0	-1.45523903800012	-0.9624563105944892	-4.280127725960256	0.6442674484355848	-2.8248886879601356	1.606723759030074	1.4372233866222217	3.860077505315118
84.0	253.0	254.0	21000.0	-0.19223248478017485	-0.23908304434765704	-2.762568529738701	-0.7547350126915262	-2.570336044958526	-0.5156519683438692	0.2430989158457919	0.1131785464919659
85.0	255.0	256.0	22000.0	1.10477062671821	0.2635759542569529	-0.5143436061416651	1.2614160232856193	-1.619114232859875	0.9978400690286664	-0.4724676652651283	-0.20123076704351206
85.0	255.0	257.0	22000.0	0.7810951638102628	0.8662530463721083	-2.034485472419874	-0.19379624695056918	-2.8155806362301368	-1.0600492933226775	-1.1940850666427991	-0.7644220535821944
85.0	256.0	257.0	22000.0	-0.20678684635156852	0.47455003055194567	-1.520141866278209	-1.4552122702361885	-1.3133550199266404	-1.9297623007881342	-0.7216174013776708	-0.5631912865386823
86.0	258.0	259.0	11000.0	-0.4906135991449476	0.19204318196227188	-0.9251015086194911	0.47663878142429894	-0.4344879094745435	0.28459559946202706	-0.3678182176302016	0.478595119531235
86.0	258.0	260.0	11000.0	-1.6781054063455345	-0.5590705215968805	-0.522429637347841	-1.409568667949543	1.1556757689976935	-0.8504981463526624	-0.35011760783703494	0.4005524457065519
86.0	259.0	260.0	11000.0	-0.9522242204186533	-0.671568547580879	0.40267187127165016	-1.8862074493738419	1.3548960916903035	-1.2146389017929629	0.017700609793166677	-0.0780426738246831
87.0	261.0	262.0	12000.0	0.5876716221131018	0.7529553355692071	0.835901837045185	-0.3265934849905534	0.2482302149320832	-1.0795488205597605	-0.061506011173761976	-0.722546421309886
87.0	261.0	263.0	12000.0	-0.6320237621134943	0.6870323621225856	0.7036781873173368	-0.08593341016421618	1.335701949430831	-0.7729657722868017	-0.9496447946139597	-4.157982957696092
87.0	262.0	263.0	12000.0	-1.2376154587654336	-0.07326158700128804	-0.13222364972784817	0.24066007482633722	1.1053918090375854	0.31392166182762526	-0.8881387834401977	-3.435436536386206
88.0	264.0	265.0	21000.0	-0.9533458213038344	-0.15258269612344932	-0.4682859448948875	0.2335736206744059	0.4850598764089469	0.3861563167978552	0.4137203713656845	0.9139540865280082
88.0	264.0	266.0	21000.0	-2.2773138553037775	0.13113247252142468	-4.6673870262029595	1.4912457754585375	-2.390073170899182	1.3601133029371129	0.9255953031137949	1.6748007923573596
88.0	265.0	266.0	21000.0	-1.2153582109369339	0.29950799091406566	-4.199101081308072	1.2576721547841316	-2.983742870371138	0.958164163870066	0.5118749317481104	0.7608467058293513
89.0	268.0	269.0	12000.0	1.225102648962796	0.1416293088618943	1.5849641493775835	-0.06898981084236766	0.35986150041478737	-0.21061911970426195	0.3926849982324683	0.06776549421208244
90.0	270.0	271.0	11000.0	0.808920486724892	-4.147770382944167	4.428732803176445	-9.006693739254388	3.6198123164515525	-4.858923356310221	1.0615762955159198	1.737970263762321
90.0	270.0	272.0	11000.0	4.826986452911701	-3.4910211023605076	8.329004633320437	-7.75145989402381	3.5020181804087365	-4.260438791663303	1.4605795785119824	0.7048982665387626
90.0	271.0	272.0	11000.0	3.9823554569293007	0.5575838932552584	3.9002718301439927	1.2552338452305776	-0.082083626785308	0.6976499519753192	0.3990032829960626	-1.0330719972235585
91.0	273.0	274.0	22000.0	-0.2188619208449616	0.22758415472165616	-2.150235238093728	1.1183619222460948	-1.9313733172487666	0.8907777675244386	0.776655693565516	0.8117625264570023
91.0	273.0	275.0	22000.0	3.926974367053364	0.8965826414178348	4.722087117795809	-0.5681970743983129	0.7951127507424447	-1.4647797158161477	-0.29513765210313636	0.04545503519344152
91.0	274.0	275.0	22000.0	4.212992534390207	0.7078999135337742	6.872322355889537	-1.6865589966444077	2.6593298214993304	-2.394458910178182	-1.0717933456686524	-0.7663074912635608
92.0	276.0	277.0	22000.0	-2.7861693908739342	2.6043823522667893	2.0099953256508343	1.1260171680407893	4.7961647165247685	-1.478365184226	0.11368125907250715	-1.2333032235176944
92.0	276.0	278.0	22000.0	-12.859988105273551	0.9640781781133141	-6.52794334186251	-3.9629751968725486	6.332044763411041	-4.927053374985863	2.0718070809478775	1.9789688576908304
92.0	277.0	278.0	22000.0	-10.097790258891735	-1.5184678823735398	-8.537938667513345	-5.088992364913338	1.55985159137839	-3.570524482539798	1.9581258218753703	3.212272081208525
93.0	279.0	280.0	12000.0	-3.3328919404384436	1.7528935119314086	-6.001010205603279	0.9741674038295969	-2.6681182651648356	-0.7787261081018118	0.008324485656643787	-0.12410788926808891
93.0	279.0	281.0	12000.0	-2.7691172789975713	0.21401501094767283	-1.1278351135620142	-1.9020682025079623	1.6412821654355572	-2.116083213455635	0.9247328331134099	0.23940947468037166
93.0	280.0	281.0	12000.0	0.41595860796940265	-1.6620464629661873	4.873175092041265	-2.876235606337559	4.457216484071862	-1.2141891433713718	0.9164083474567661	0.36351736394846057
94.0	282.0	283.0	21000.0	0.41858006125475544	0.11232543407972262	0.8453734011550296	-2.268560030380513	0.4267933399002741	-2.3808854644602357	0.6638230726763794	-1.4260023124962231
94.0	282.0	284.0	21000.0	0.6883197758064519	0.05651491958289423	1.8321807013385296	-2.2547718460709802	1.1438609255320777	-2.3112867656538745	1.6843947927324336	-0.09690385696329429
94.0	283.0	284.0	21000.0	0.13516991129989897	-0.03389287420477061	0.9868073001835	0.01378818430953288	0.8516373888836011	0.04768105851430349	1.0205717200560542	1.3290984555329288
95.0	285.0	286.0	11000.0	0.372826934371818	-0.08195748910019152	-1.3183796237417482	-0.20589759971699095	-1.6912065581135662	-0.12394011061679944	0.7139236555592277	0.6598709705027517
95.0	285.0	287.0	11000.0	-0.43127727219520207	-0.864777377272504	0.13330919584859657	-2.889557720759967	0.5645864680437986	-2.024780343487463	0.6652797690386194	0.4423437522423228
95.0	286.0	287.0	11000.0	-0.8585470154873995	-0.7779932753360939	1.4516888195903448	-2.6836601210429762	2.3102358350777443	-1.9056668457068824	-0.04864388652060825	-0.21752721826042887
96.0	288.0	289.0	12000.0	0.29795165391386824	0.2682560538758185	-1.1571763860511055	-0.763367509669024	-1.4551280399649738	-1.0316235635448425	-0.2805726956840715	-0.7095047847223839
96.0	288.0	290.0	12000.0	-1.9556198213349845	4.610537991756602	-5.433049035896602	9.18366909038241	-3.4774292145616172	4.573131098625807	-0.4206646738045947	-0.9998159422466557
96.0	289.0	290.0	12000.0	-2.206045443121287	4.2808048882671015	-4.275872649845496	9.947036600051433	-2.0698272067242094	5.666231711784332	-0.1400919781205232	-0.29031115752427183
97.0	291.0	292.0	22000.0	2.6572063090046045	-0.6195248163506317	9.402845249354641	0.9910323920446444	6.7456389403500365	1.6105572083952762	-0.6948927602722392	-1.2138083973442946
97.0	291.0	293.0	22000.0	-1.2597544724071819	-0.6719119580517532	6.033375263343487	-1.629707961234999	7.293129735750669	-0.9577960031832458	-1.0613602455364344	-1.322632569944716
97.0	292.0	293.0	22000.0	-3.933396777795755	-0.111748115727627	-3.369469986011154	-2.6207403532796434	0.5639267917846009	-2.5089922375520164	-0.36646748526419515	-0.10882417260042132
98.0	294.0	295.0	11000.0	-3.152180564557952	0.24565216910259302	-2.2558888059747915	0.8746227221661229	0.8962917585831605	0.6289705530635299	0.6941066833492044	0.4529033794516124
98.0	294.0	296.0	11000.0	-0.1445097724437625	0.4202122273610467	1.2950353992157488	2.667779815494441	1.4395451716595113	2.2475675881333945	0.9225111733654643	1.5882013666138306
98.0	295.0	296.0	11000.0	3.030930039467136	0.33103515241854886	3.5509242051905403	1.7931570933283183	0.5199941657234044	1.4621219409097694	0.22840449001625984	1.1352979871622182
99.0	297.0	298.0	21000.0	1.4083535100870792	-0.09602939127119825	0.9095240046785875	1.0631444139096402	-0.4988295054084917	1.1591738051808385	-0.06223661830020433	0.11527970214592642
99.0	297.0	299.0	21000.0	1.852142291488029	-0.102961325688387	-1.3123961905589567	3.0591943421054566	-3.1645384820469857	3.1621556677938436	0.009510267278898255	2.2510653587218457
99.0	298.0	299.0	21000.0	0.29763982062784766	0.10036909273494832	-2.2219201952375442	1.9960499281958164	-2.519560015865392	1.895680835460868	0.07174688557910258	2.1357856565759192
