0.0	0.0	1.0	11000.0	0.09586062262989259	-0.6493593252726946	0.14893450790759744	-0.1420626493479631	0.053073885277704846	0.5072966759247315	-0.1712634461366349	0.9667952726933606
0.0	0.0	2.0	11000.0	0.48298335973219064	-1.255871538833084	1.385477554433578	-1.5212497218667522	0.9024941947013874	-0.26537818303366834	-1.0590641820131879	-0.7645848946328044
0.0	1.0	2.0	11000.0	0.33861643451810597	-0.533477779316395	1.2365430465259806	-1.3791870725187891	0.8979266120078746	-0.8457092932023942	-0.887800735876553	-1.731380167326165
1.0	3.0	4.0	22000.0	-0.10545567418838875	-1.1171570827387827	0.11369253709312943	0.12564605251009198	0.21914821128151818	1.2428031352488746	0.30998717442589907	0.39236476190045266
1.0	3.0	5.0	22000.0	0.8140990975882474	-1.189044460848816	2.6545165402976636	-1.0650851060304376	1.8404174427094162	0.12395935481837839	3.7126632299504223	4.028172014727204
1.0	4.0	5.0	22000.0	0.8236263607115211	-0.02002527929970288	2.540824003204534	-1.1907311585405296	1.717197642493013	-1.1707058792408267	3.4026760555245232	3.6358072528267513
2.0	6.0	7.0	12000.0	-0.6842926275816685	0.15803850295298894	-0.5954648076550484	-0.7028580170072019	0.08882781992662014	-0.8608965199601908	-1.576789182546122	-3.6302513799678877
2.0	6.0	8.0	12000.0	-0.06539589932931555	0.21355921930492094	-0.02022288383193427	-0.14749933050666186	0.045173015497381286	-0.3610585498115828	0.12086888364876813	-0.32530722686504987
2.0	7.0	8.0	12000.0	0.6053819149542008	-0.004642924658311287	0.5752419238231141	0.55535868650054	-0.030139991131086674	0.5600016111588513	1.6976580661948901	3.304944153102838
3.0	9.0	10.0	21000.0	0.07658856734958164	-0.25869604233916554	0.49364609752058186	0.23861303507192133	0.4170575301710002	0.4973090774110869	-0.48768063175002396	-1.8148965863667001
3.0	9.0	11.0	21000.0	-0.8258115691441148	-1.410038337997797	-2.439997141123058	0.9376870667961157	-1.6141855719789433	2.3477254047939127	-0.8395788401743971	-0.2773511688009904
3.0	10.0	11.0	21000.0	-0.923244233733941	-1.1235722270497002	-2.93364323864364	0.6990740317241944	-2.010399004909699	1.8226462587738945	-0.35189820842437314	1.5375454175657097
4.0	12.0	13.0	22000.0	-0.04976328654111484	0.7240251119660979	-0.7454502266294867	0.4811964824964434	-0.6956869400883718	-0.24282862946965444	-0.7475337046261359	-1.6719213672049307
4.0	12.0	14.0	22000.0	-0.15497269324954388	0.5692756632441709	0.4740165565718826	-0.9889769714177419	0.6289892498214265	-1.5582526346619128	-0.6879693612182791	-0.004390046438828676
4.0	13.0	14.0	22000.0	-0.0800141895970441	-0.05577065901329714	1.2194667832013693	-1.4701734539141853	1.2994809727984133	-1.4144027949008882	0.05956434340785677	1.667531320766102
5.0	15.0	16.0	21000.0	1.05267414246428	-0.5177198863119168	1.4127854051807844	-0.430414631955955	0.3601112627165044	0.08730525435596181	-0.5862161089067683	-0.017937053804672587
5.0	15.0	17.0	21000.0	-0.20803478006725218	-1.9314456893575995	-0.64805010067073	-0.3846646823967603	-0.4400153206034778	1.5467810069608392	0.25001333817071725	3.014811586977217
5.0	16.0	17.0	21000.0	-1.3502643068644185	-1.5383206258288515	-2.0608355058515144	0.04574994955919465	-0.710571198987096	1.5840705753880462	0.8362294470774856	3.0327486407818895
6.0	18.0	19.0	11000.0	-0.6046511731039566	-0.5188362066761698	-1.8691262142716596	0.23977640698603864	-1.264475041167703	0.7586126136622084	-0.389008796373119	0.3591125628765326
6.0	18.0	20.0	11000.0	-0.9604929635636541	-1.3433123144375916	-0.62499206879329	-0.6121796273937434	0.33550089477036416	0.7311326870438482	-0.09536869693127414	0.7382206860204832
6.0	19.0	20.0	11000.0	-0.32475695223797185	-0.7810046642930883	1.2441341454783696	-0.8519560343797821	1.5688910977163415	-0.07095137008669372	0.2936400994418449	0.3791081231439506
7.0	21.0	22.0	12000.0	0.725564607130023	1.593296341454863	0.4217908592100912	0.7479255876560273	-0.30377374791993184	-0.8453707537988358	-0.2299866794424048	-2.1663175855636183
7.0	21.0	23.0	12000.0	0.8357352486482279	1.2021801033029123	0.5154483098671108	1.4504285994885322	-0.32028693878111714	0.24824849618561995	1.5633685482018365	0.05757602566623632
7.0	22.0	23.0	12000.0	0.13401767578490098	-0.27205347713234573	0.09365745065701958	0.7025030118325049	-0.0403602251278814	0.9745564889648506	1.7933552276442413	2.2238936112298546
8.0	24.0	25.0	21000.0	-0.16366672274677274	-1.6413262623291986	-0.034936901547553134	0.8181635767184616	0.1287298211992196	2.4594898390476603	0.0033365380972441017	1.685830190947911
8.0	24.0	26.0	21000.0	-0.1214756640061454	-2.121232734800917	-1.186787353007162	-0.2430503696739379	-1.0653116890010166	1.8781823651269791	-0.562934355941465	-0.23282519691046843
8.0	25.0	26.0	21000.0	0.007439244937537559	-0.41689289043703237	-1.1518504514596088	-1.0612139463923995	-1.1592896963971464	-0.6443210559553672	-0.5662708940387091	-1.9186553878583794
9.0	27.0	28.0	11000.0	-0.47072496980829115	0.1721519263736484	-1.093487074572863	0.1554371190193251	-0.6227621047645719	-0.01671480735432329	-0.6055036574083772	-0.4272863512017153
9.0	27.0	29.0	11000.0	0.6800866239753303	-0.20300329214668356	1.1118547584375165	0.26821500304004076	0.4317681344621862	0.4712182951867243	0.17958478001679623	-0.8120263715832152
9.0	28.0	29.0	11000.0	1.2603796450039368	-0.48591648416143496	2.2053418330103796	0.11277788402071565	0.9449621880064427	0.5986943681821506	0.7850884374251734	-0.3847400203814999
10.0	30.0	31.0	22000.0	-0.9968427101612667	0.6926347488248501	-0.13524907630551297	2.6851741993800715	0.8615936338557537	1.9925394505552214	2.531849237188567	3.4668539721831735
10.0	30.0	32.0	22000.0	-0.7739145140039279	1.8997978352653	-1.3951053559543425	2.487247862730328	-0.6211908419504146	0.5874500274650281	-0.4590982779812123	0.964013381269524
10.0	31.0	32.0	22000.0	0.29623671381128247	1.2243794272701685	-1.2598562796488295	-0.19792633664974346	-1.556092993460112	-1.422305763919912	-2.990947515169779	-2.5028405909136495
11.0	33.0	34.0	12000.0	12.484598852580982	-4.642740671304281	6.502658829738834	-7.640353442370724	-5.9819400228421475	-2.997612771066443	-2.463983941080329	-4.768637044256479
11.0	33.0	35.0	12000.0	3.700581359296404	-4.119535208137727	-1.3973569221599291	-2.8609786950305534	-5.097938281456333	1.2585565131071732	-1.0180451610106047	-1.9778030207223907
11.0	34.0	35.0	12000.0	-8.846067117692149	0.4339678730637848	-7.9000157518987635	4.779374747340171	0.9460513657933856	4.345406874276386	1.4459387800697243	2.7908340235340887
12.0	36.0	37.0	21000.0	-0.5591491584353552	0.7688747237005327	2.095238557815378	0.5583039097034543	2.654387716250733	-0.21057081399707833	-0.2944338898474257	-0.9480607023815253
12.0	36.0	38.0	21000.0	0.18881442126747316	-1.6445677382008785	2.435467504190342	-1.6103242512479028	2.246653082922869	0.034243486952975744	1.4649771279015198	-0.27340520117779477
12.0	37.0	38.0	21000.0	0.8578374754296707	-2.317761922265481	0.3402289463749639	-2.168628160951357	-0.5176085290547068	0.1491337613141237	1.7594110177489455	0.6746555012037305
13.0	39.0	40.0	22000.0	-0.5357842342887098	-0.7558008305498305	-0.989780461166788	-0.5266251948348781	-0.45399622687807817	0.22917563571495236	-2.6478863006943385	-2.754532092177044
13.0	39.0	41.0	22000.0	-0.08388944282449629	-0.3699787672233752	-1.537956800027473	-2.178894029649655	-1.4540673572029768	-1.8089152624262796	-2.831107390986361	-3.489800141370111
13.0	40.0	41.0	22000.0	0.33405355079917687	0.2652337422968136	-0.5481763388606851	-1.6522688348147767	-0.8822298896598619	-1.9175025771115903	-0.18322109029202238	-0.735268049193067
14.0	42.0	43.0	12000.0	0.7165200634888809	-0.7609337726133463	-0.8117232408039854	-4.138392056116572	-1.5282433042928663	-3.377458283503226	-2.052626573100113	-1.2602653476410524
14.0	42.0	44.0	12000.0	0.005476186654091109	0.7888180897873482	-4.261055407496087	-1.5502250855270177	-4.2665315941501785	-2.339043175314366	0.03431409091223259	1.6702351887545035
14.0	43.0	44.0	12000.0	-0.6751521453679619	1.6268054999525496	-3.449332166692102	2.5881669705895547	-2.77418002132414	0.9613614706370051	2.086940664012346	2.930500536395556
15.0	45.0	46.0	11000.0	0.2838342849799558	-0.3889665260646158	-1.113514238639027	-1.46972784040031	-1.3973485236189829	-1.0807613143356942	-1.5664967705943553	-3.1232585056181676
15.0	45.0	47.0	11000.0	-0.11215948216335292	-0.4816874699836422	-0.06274932326982707	-0.4715315504811315	0.049410158893525846	0.010155919502510713	-1.057184302347622	-2.9842377846548516
15.0	46.0	47.0	11000.0	-0.4387633382429019	-0.04567519881388726	1.0507649153692	0.9981962899191785	1.489528253612102	1.0438714887330658	0.5093124682467334	0.13902072096331608
16.0	48.0	49.0	22000.0	-0.28418425107015644	0.73276273525794	-0.21636495261043365	0.8810886529176969	0.06781929845972279	0.1483259176597569	-0.7065543901387628	-0.07922380027135034
16.0	48.0	50.0	22000.0	-0.4165125479817684	0.1768082078921287	0.256198102006465	-1.410562091150041	0.6727106499882334	-1.5873702990421696	0.8787286055707852	1.9844839219501438
16.0	49.0	50.0	22000.0	-0.09214547754200275	-0.45688041608490426	0.4725630546168986	-2.291650744067738	0.5647085321589014	-1.8347703279828336	1.585282995709548	2.063707722221494
17.0	51.0	52.0	12000.0	-0.2051404234973644	0.5135829957337075	0.0008900318221094494	1.5637208095636197	0.20603045531947384	1.0501378138299122	1.4432021039671667	2.9501016638357385
17.0	51.0	53.0	12000.0	-0.9175148379318143	0.5537111410773106	-0.9232439371987766	3.284751217468738	-0.005729099266962301	2.7310400763914275	0.11609759098020334	0.30027016111743876
17.0	52.0	53.0	12000.0	-0.6852568748316887	0.07894428877765591	-0.9241339690208861	1.7210304079051184	-0.23887709418919734	1.6420861191274625	-1.3271045129869634	-2.6498315027182997
18.0	54.0	55.0	21000.0	0.6317456712830172	-0.12365015604908258	-0.31694109889826905	1.0904074006484734	-0.9486867701812862	1.214057556697556	-1.7179196438476794	0.38011372589103587
18.0	54.0	56.0	21000.0	1.2187596340863784	-1.0039343288832008	-1.342896226228504	1.0773615088253337	-2.5616558603148825	2.0812958377085344	-2.803811202962791	-2.04375616993552
18.0	55.0	56.0	21000.0	0.5738852792204812	-0.8132536645357531	-1.025955127330235	-0.013045891823139755	-1.5998404065507161	0.8002077727126133	-1.0858915591151117	-2.423869895826556
19.0	57.0	58.0	11000.0	0.3452426574362244	0.11610624370565148	0.8713207143697446	-0.04949070372549613	0.5260780569335202	-0.1655969474311476	0.05563570643576554	0.6258360744627964
19.0	57.0	59.0	11000.0	0.6699324148389767	0.18334068260301173	2.2126694565287153	-1.9001422809392352	1.5427370416897386	-2.083482963542247	-0.9843993032655192	-3.5785606669036483
19.0	58.0	59.0	11000.0	0.2870172659567851	-0.002804916936413271	1.3413487421589707	-1.850651577213739	1.0543314762021856	-1.8478466602773258	-1.0400350097012847	-4.204396741366445
20.0	60.0	61.0	22000.0	-1.3935412066708803	-5.0175128447379915	-1.6447413493348222	-6.145855002347844	-0.25120014266394186	-1.1283421576098522	0.6742037124027007	2.552256855541728
20.0	60.0	62.0	22000.0	-2.943032279004349	-4.118225105144046	-3.5002403688718005	-5.885842924075405	-0.5572080898674514	-1.7676178189313587	-0.6394074155541176	-0.4934771782290568
20.0	61.0	62.0	22000.0	-1.4745772686883445	0.9780598832656509	-1.8554990195369783	0.2600120782724389	-0.3809217508486338	-0.718047804993212	-1.3136111279568183	-3.0457340337707848
21.0	63.0	64.0	12000.0	0.726639469966333	-0.7687904920857571	2.2828655978084953	1.124977383204623	1.5562261278421623	1.8937678752903802	0.7798025545768894	1.1845997874198702
21.0	63.0	65.0	12000.0	2.9423904651892414	-2.0744219956634424	3.5416417589726734	2.8445136148852725	0.599251293783432	4.918935610548715	1.0696406283682904	0.3932200002681725
21.0	64.0	65.0	12000.0	2.157186847761997	-1.2664346626712453	1.2587761611641781	1.7195362316806495	-0.8984106865978188	2.9859708943518948	0.28983807379140103	-0.7913797871516977
22.0	66.0	67.0	21000.0	0.34389762515941946	0.18627477175574914	0.392685388140535	1.4934203400707702	0.048787762981115534	1.307145568315021	1.4804168079051294	3.9229559734524315
22.0	66.0	68.0	21000.0	-0.793866231904909	0.35543194167591086	-1.353431217782827	1.3591083814164904	-0.5595649858779179	1.0036764397405795	-0.6537175610023098	0.2900050844677651
22.0	67.0	68.0	21000.0	-1.1054596120211402	0.15436499985845487	-1.746116605923362	-0.1343119586542798	-0.6406569939022217	-0.28867695851273467	-2.1341343689074392	-3.6329508889846664
23.0	69.0	70.0	11000.0	2.678880078252994	0.5830583644147636	0.5333603749502345	0.9119109110902173	-2.1455197033027593	0.3288525466754537	-3.7412255670568015	-0.5010723447073104
23.0	69.0	71.0	11000.0	6.3159685812116075	-2.0967248016907787	6.617077399265781	-3.0263868318656932	0.3011088180541739	-0.9296620301749146	-3.236286302563798	-2.771280207197435
23.0	70.0	71.0	11000.0	3.5586805502279635	-2.6186742918002777	6.083717024315547	-3.9382977429559105	2.5250364740875835	-1.3196234511556328	0.5049392644930037	-2.2702078624901247
24.0	72.0	73.0	11000.0	-1.2608966233353494	-0.9582858043328493	0.670060191717539	2.39860077427511	1.9309568150528884	3.356886578607959	1.172092139015632	2.7274767533595394
24.0	72.0	74.0	11000.0	7.3920476428550685	-1.5648460947746923	8.213884118508417	-2.6416370536953764	0.8218364756533489	-1.076790958920684	0.9159220952783613	1.6231602804812297
24.0	73.0	74.0	11000.0	8.663618084440138	-0.5502090037741514	7.543823926790878	-5.040237827970486	-1.1197941576492596	-4.490028824196335	-0.2561700437372707	-1.1043164728783097
25.0	75.0	76.0	12000.0	-0.20914999295327608	-2.4101876895271994	-0.3597555300257227	-1.537100401435282	-0.15060553707244662	0.8730872880919174	-3.732112096226814	-4.161841650844025
25.0	75.0	77.0	12000.0	1.8124825793991128	-3.5939971122298315	4.539064896460559	-6.601616651324321	2.726582317061446	-3.007619539094489	-4.302644680993751	-2.7281612628578813
25.0	76.0	77.0	12000.0	2.0285812720072887	-1.1638863634483858	4.898820426486282	-5.064516249889039	2.870239154478993	-3.900629886440653	-0.5705325847669371	1.4336803879861435
26.0	78.0	79.0	22000.0	-0.2638513096603248	-8.14719415012608	-0.38961898039553944	-6.97947629933833	-0.12576767073521467	1.1677178507877493	-0.5506347661924877	-2.2105596266120386
26.0	78.0	80.0	22000.0	-3.022200764583502	-10.448965390352937	-2.043626640732896	-9.209093193657736	0.9785741238506063	1.2398721966952007	-0.6051950692626065	-0.8467598816783237
26.0	79.0	80.0	22000.0	-2.701139955070877	-2.3375945541955705	-1.6540076603373564	-2.229616894319406	1.0471322947335207	0.10797765987616437	-0.05456030307011872	1.363799744933715
27.0	81.0	82.0	21000.0	1.9915950342021356	-1.8839936928873584	4.678900282473933	-3.350587508406079	2.687305248271797	-1.4665938155187206	-4.226557107774653	-2.8635918768383135
27.0	81.0	83.0	21000.0	-2.142397524933174	-0.5394428808634224	3.1691307317352084	0.9405668324543512	5.311528256668383	1.4800097133177736	-3.295256897744679	0.023274991684431257
27.0	82.0	83.0	21000.0	-4.077488820959092	1.3368310298092752	-1.5097695507387243	4.29115434086043	2.5677192702203673	2.954323311051155	0.9313002100299741	2.8868668685227448
28.0	84.0	85.0	21000.0	-0.2994965822105051	0.4260512909803911	-0.8762810594598704	0.9305222159823643	-0.5767844772493653	0.5044709250019732	0.737654752995013	1.5352284709525321
28.0	84.0	86.0	21000.0	-0.45321937072838825	2.990556011590959	-2.274487345861644	2.3110190694683297	-1.8212679751332557	-0.6795369421226294	0.6360315904256879	0.49239145465394074
28.0	85.0	86.0	21000.0	-0.22085549704197582	2.498887606871203	-1.3982062864017735	1.3804968534859654	-1.1773507893597976	-1.1183907533852375	-0.10162316256932513	-1.0428370162985914
29.0	87.0	88.0	22000.0	0.9417917961614677	-1.661590783380726	0.789633751215888	-1.7166417812072723	-0.15215804494557972	-0.05505099782654632	-0.06891339072022618	-0.41723102670812295
29.0	87.0	89.0	22000.0	1.7752142354453335	-3.268401867788434	3.336790730123539	-4.017994099212501	1.5615764946782056	-0.7495922314240673	1.638129011067619	2.86248641123251
29.0	88.0	89.0	22000.0	0.8161941878094625	-1.6288257247865374	2.547156978907651	-2.301352318005229	1.7309627910981886	-0.6725265932186915	1.7070424017878452	3.279717437940633
30.0	90.0	91.0	12000.0	0.31228620361909787	0.11536911231950331	0.41812250809448415	0.7218703452826958	0.10583630447538628	0.6065012329631925	-1.1881776616426691	-1.9604618090544506
30.0	90.0	92.0	12000.0	0.22315251850540196	-0.03940519000690301	0.05398901600733552	1.5797500496605608	-0.16916350249806644	1.6191552396674638	-1.780421799338086	-1.1889336519887905
30.0	91.0	92.0	12000.0	-0.02924711801765767	-0.12201215785910868	-0.3641334920871486	0.857879704377865	-0.33488637406949096	0.9798918622369737	-0.5922441376954168	0.77152815706566
31.0	93.0	94.0	11000.0	-0.811161706614846	2.0921433250346118	0.43192764463924505	1.0415468705341482	1.243089351254091	-1.0505964545004636	-1.7566132159568326	-6.144890289824119
31.0	93.0	95.0	11000.0	-0.6347693081575168	1.7963482196824287	2.5539934458224707	2.0989964546997726	3.1887627539799874	0.30264823501734384	-0.04103496276006524	-2.0507354521353847
31.0	94.0	95.0	11000.0	0.15083249295729217	-0.3571900296519983	2.1220658011832256	1.0574495841656244	1.9712333082259335	1.4146396138176227	1.7155782531967674	4.094154837688734
32.0	96.0	97.0	22000.0	0.9224766806397149	-1.4089246447829193	0.7417029289915718	-2.939348119624583	-0.18077375164814313	-1.5304234748416636	0.39706378777569284	-0.7834356729319865
32.0	96.0	98.0	22000.0	0.1827872889874147	-1.0884278693103093	-0.4283675178739941	-3.953196764526183	-0.6111548068614088	-2.8647688952158736	1.3588279693539391	0.08718042078004373
32.0	97.0	98.0	22000.0	-0.7117114725718823	0.21997476078898348	-1.1700704468655658	-1.0138486449016	-0.45835897429368355	-1.2338234056905835	0.9617641815782463	0.8706160937120302
33.0	99.0	100.0	21000.0	0.6787603485763771	0.08755633831638665	-0.19884356654540625	-0.9384389530393946	-0.8776039151217834	-1.0259952913557813	-0.42949747433354446	-1.6517286441586663
33.0	99.0	101.0	21000.0	0.6258787856843337	-0.09732888977541965	-1.0999411346300576	-1.1593265974379392	-1.7258199203143914	-1.0619977076625196	-0.11091407867485259	-2.2028672309699147
33.0	100.0	101.0	21000.0	-0.04896063047719412	-0.14263541575813576	-0.9010975680846514	-0.22088764439854458	-0.8521369376074572	-0.07825222864040882	0.31858339565869187	-0.5511385868112484
34.0	102.0	103.0	11000.0	-0.2664005853694702	0.957283652745442	-0.4062862701252925	-0.07676731237847889	-0.1398856847558223	-1.034050965123921	-1.5684881103408088	-2.0380322764472822
34.0	102.0	104.0	11000.0	0.2507265290637335	0.040225181485340045	2.6895445310492505	0.7880698938936348	2.438818001985517	0.7478447124082948	-0.8474390236986835	-0.8125043089853676
34.0	103.0	104.0	11000.0	0.5804679044361665	-0.9224449865695421	3.095830801174543	0.8648372062721137	2.5153628967383765	1.7872821928416558	0.7210490866421253	1.2255279674619146
35.0	105.0	106.0	12000.0	0.028121822606524738	0.07985902545517032	0.5275238642053637	0.010060938637707295	0.49940204159883894	-0.06979808681746302	0.019765306623170886	-0.9291965610130148
35.0	105.0	107.0	12000.0	-0.16014894918395228	0.10781150918275184	0.2017391570146856	4.228573793485793	0.36188810619863787	4.120762284303042	3.935945951312007	3.8060011266059064
35.0	106.0	107.0	12000.0	-0.23417066007294274	0.037747960591876684	-0.3257847071906781	4.218512854848086	-0.09161404711773535	4.1807648942562095	3.9161806446888363	4.735197687618921
36.0	108.0	109.0	22000.0	0.3467712271915868	-0.0572782302897652	1.8806794555030137	-1.2237945549363758	1.533908228311427	-1.1665163246466106	-0.3405094339722865	-0.6125744964106872
36.0	108.0	110.0	22000.0	0.3047933846560591	0.6994575624657191	3.470265164175771	-0.31143337984076425	3.165471779519712	-1.0108909423064834	0.6534666050505678	3.1347202426232315
36.0	109.0	110.0	22000.0	-0.12267986189517543	0.8604105089205047	1.5895857086727574	0.9123611750956115	1.7122655705679328	0.0519506661751068	0.9939760390228543	3.7472947390339186
37.0	111.0	112.0	21000.0	-0.30599297388445557	0.6532350548682073	1.5095482332799293	0.4317602447399622	1.8155412071643848	-0.2214748101282451	0.5493455314896494	0.26493050980873534
37.0	111.0	113.0	21000.0	-0.8893460686248087	0.15907018480141755	-0.3432722257198293	1.60035938949909	0.5460738429049794	1.4412892046976724	1.2675143922733838	2.051755055019683
37.0	112.0	113.0	21000.0	-0.5408739683106081	-0.44437479032577887	-1.8528204589997586	1.1685991447591277	-1.3119464906891505	1.6129739350849066	0.7181688607837344	1.7868245452109477
38.0	114.0	115.0	11000.0	0.16303252840871796	5.086494297756872e-06	-0.32628167033271893	-1.6722975260381645	-0.4893141987414369	-1.6723026125324623	-1.024212002070442	-2.741195958337727
38.0	114.0	116.0	11000.0	-0.27032234251380594	-0.09002957613357232	0.165318273603134	-1.2335874144596346	0.43564061611693994	-1.1435578383260623	-1.671181669661678	-3.123065236968017
38.0	115.0	116.0	11000.0	-0.3131519277737054	-0.05508892023889178	0.49159994393585293	0.4387101115785299	0.8047518717095583	0.4937990318174217	-0.646969667591236	-0.3818692786302904
39.0	117.0	118.0	12000.0	-2.348613045874358	2.552808725399271	0.5791756145613363	3.890928987221969	2.927788660435694	1.3381202618226977	0.8814153337786337	-1.3901052552668318
39.0	117.0	119.0	12000.0	2.8102561083423225	3.2103887681014243	6.227486574736986	4.226844681440525	3.4172304663946633	1.016455913339101	0.4984547989174217	-1.8139374411113778
39.0	118.0	119.0	12000.0	5.200328314406976	0.6961273950732982	5.64831096017565	0.3359156942185564	0.44798264576867375	-0.36021170085474186	-0.38296053486121195	-0.42383218584454596
40.0	120.0	121.0	12000.0	-0.4046343254645075	0.42639861975311977	-0.7934319907529925	1.5921549952968235	-0.38879766528848503	1.1657563755437037	0.5801998302547133	2.2498766368028527
40.0	120.0	122.0	12000.0	-0.6614665285993206	0.7004942227291613	0.6575784540744962	2.9724201121250644	1.3190449826738169	2.271925889395903	0.3458047497359189	0.03604085730118811
40.0	121.0	122.0	12000.0	-0.15189855362333127	0.16860935100639995	1.4510104448274888	1.380265116828241	1.60290899845082	1.211655765821841	-0.23439508051879443	-2.2138357795016645
41.0	123.0	124.0	22000.0	0.2197450362273683	1.2802316866373156	3.021524110336941	1.1924763476740736	2.8017790741095725	-0.08775533896324195	0.8280025365896506	3.089005023012099
41.0	123.0	125.0	22000.0	-0.04024221297442132	1.4893678188624442	3.508755155906101	-0.500312288141231	3.5489973688805225	-1.9896801070036751	-0.9829102359392294	0.7614602326406441
41.0	124.0	125.0	22000.0	-0.242898555545759	0.10957304923802091	0.4872310455691604	-1.6927886358153046	0.7301296011149194	-1.8023616850533255	-1.81091277252888	-2.327544790371455
42.0	126.0	127.0	11000.0	1.4182192979285677	0.24670496680247833	1.4787808447485986	1.0900756332057426	0.0605615468200309	0.8433706664032643	-0.1643055136419065	0.1761145273332545
42.0	126.0	128.0	11000.0	0.523184839787783	-0.5123241410554833	0.7425061615844015	0.05297867021727143	0.21932132179661856	0.5653028112727547	0.21291386636472964	-0.09080637412991166
42.0	127.0	128.0	11000.0	-0.9195540598732945	-0.784977876246999	-0.7362746831641971	-1.0370969629884712	0.18327937670909744	-0.2521190867414722	0.37721938000663613	-0.26692090146316616
43.0	129.0	130.0	21000.0	-0.7156487238541871	-0.4736458974642641	-1.4410878046492144	-1.6909683370495259	-0.7254390807950273	-1.2173224395852618	-1.5377157177443905	-3.085191288480061
43.0	129.0	131.0	21000.0	-1.7840334216749687	0.3136574146566069	-2.3800821392434273	-0.9242857078606903	-0.5960487175684586	-1.2379431225172972	-1.3810348585593033	-0.990942814550678
43.0	130.0	131.0	21000.0	-1.0354660863033027	0.9274833317927813	-0.9389943345942129	0.7666826291888356	0.09647175170908984	-0.16080070260394574	0.15668085918508723	2.094248473929383
44.0	132.0	133.0	12000.0	-0.28871270517039704	-0.7335761145765733	0.05815489480846736	-0.07211199201628915	0.3468675999788644	0.6614641225602842	-1.1141438673073623	0.6805533273065407
44.0	132.0	134.0	12000.0	0.23790268328689734	-2.1506827908552664	0.2534401451114263	0.7493389245164508	0.015537461824528975	2.900021715371717	-1.111269189103382	1.2765626801578946
44.0	133.0	134.0	12000.0	0.5336113990534681	-1.2458397275785433	0.19528525030295896	0.8214509165327399	-0.33832614875050915	2.0672906441112833	0.002874678203980352	0.5960093528513539
45.0	135.0	136.0	22000.0	0.11308421639519395	-0.6460753785402646	-0.15229624621019866	-0.5176105729685787	-0.2653804626053926	0.12846480557168594	-0.836500759811841	-1.1022375254712244
45.0	135.0	137.0	22000.0	0.1740892851630127	-1.679367171503583	-0.4095752786852245	-2.511604331035869	-0.5836645638482372	-0.8322371595322862	-1.3096439233693928	-2.256214678981678
45.0	136.0	137.0	22000.0	0.09632866656263239	-1.0302115549107649	-0.2572790324750258	-1.9939937580672904	-0.3536076990376582	-0.9637822031565255	-0.4731431635575518	-1.1539771535104535
46.0	138.0	139.0	21000.0	1.108362910899329	0.07812577770434004	1.6802323183861745	-0.12738320336984543	0.5718694074868456	-0.20550898107418547	0.21809637041894803	-0.5128824687891154
46.0	138.0	140.0	21000.0	-0.32808140289582965	-1.4432123434466444	-1.472089210178524	-0.05677184857972861	-1.1440078072826942	1.3864404948669158	0.5762971348357553	-0.4322897124529277
46.0	139.0	140.0	21000.0	-1.4613468010715325	-1.4937303245900369	-3.1523215285646984	0.07061135479011682	-1.690974727493166	1.5643416793801537	0.35820076441680726	0.08059275633618768
47.0	141.0	142.0	11000.0	1.1351974155506301	-0.7197663058609924	1.6617569703353183	0.6674260749482528	0.5265595547846882	1.3871923808092452	3.256331428263479	4.771293498919206
47.0	141.0	143.0	11000.0	2.525865463796328	-1.2669897974683435	4.042039683720191	-1.379610563090182	1.5161742199238626	-0.11262076562183854	-0.8633457810838223	0.8161543465040353
47.0	142.0	143.0	11000.0	1.294119524270596	-0.6619836514381765	2.3802827133848723	-2.047036638038435	1.0861631891142762	-1.3850529866002583	-4.1196772093473015	-3.955139152415171
48.0	144.0	145.0	22000.0	0.5266956141440851	0.43941158823921267	-0.16717395053819928	-1.3016827365947847	-0.6938695646822843	-1.7410943248339974	-1.9876674329391335	-5.186569903593195
48.0	144.0	146.0	22000.0	0.39779169055774766	0.4215522703837671	-1.3461035827127716	-0.023372107020122712	-1.7438952732705193	-0.4449243774038898	-1.930109025204274	-4.232402829565402
48.0	145.0	146.0	22000.0	-0.0925736901799823	0.0678699687979849	-1.1789296321745724	1.278310629574662	-1.08635594199459	1.2104406607766771	0.05755840773485943	0.9541670740277937
49.0	147.0	148.0	21000.0	0.22849659423820246	0.11032367448092462	0.6144356975456731	1.0904984154044541	0.3859391033074706	0.9801747409235295	2.2665907709694864	3.916508692385108
49.0	147.0	149.0	21000.0	0.30255233592142794	-0.07228985159601287	-0.7795986428565129	0.9124904134087046	-1.0821509787779409	0.9847802650047175	2.6484634926242308	3.3989782056915345
49.0	148.0	149.0	21000.0	0.08019886001677978	-0.15581880659859149	-1.394034340402186	-0.1780080019957495	-1.4742332004189658	-0.022189195397158024	0.3818727216547444	-0.5175304866935733
50.0	150.0	151.0	12000.0	1.2063059164341245	-0.8577601217916309	1.0906370548023006	0.3952313586578384	-0.115668861631824	1.2529914804494693	1.2344492783425665	2.082344684992165
50.0	150.0	152.0	12000.0	0.1680848804896682	1.6262464428823957	-0.2729417157794387	0.852518463357228	-0.4410265962691069	-0.7737279795251677	-0.7381409199233673	-1.632512738086163
50.0	151.0	152.0	12000.0	-1.0354921385436713	2.3851513366329797	-1.3635787705817393	0.4572871046993896	-0.328086632038068	-1.9278642319335901	-1.9725901982659337	-3.7148574230783282
51.0	153.0	154.0	11000.0	0.13978403097530379	-1.3664101684780166	1.1933447058041793	-0.5282423619169094	1.0535606748288755	0.8381678065611071	1.7499625108028738	0.8894940980001991
51.0	153.0	155.0	11000.0	0.38720827895973464	-2.868083879110152	1.5056660660352463	-2.358601076503419	1.1184577870755117	0.5094828026067333	0.07741562285534087	-1.8532343289390525
51.0	154.0	155.0	11000.0	0.3156300905903269	-1.478707195113528	0.31232136023106705	-1.8303587145865094	-0.003308730359259826	-0.35165151947298146	-1.672546887947533	-2.7427284269392516
52.0	156.0	157.0	22000.0	-1.9621268715991933	0.9843479718602124	-2.7611443754960874	1.2408681955485008	-0.7990175038968941	0.2565202236882884	-0.04101679615691012	2.0326302541107992
52.0	156.0	158.0	22000.0	1.136431368013639	-0.09092402248487996	-2.4556246874772114	-1.6506595936714348	-3.5920560554908505	-1.5597355711865548	0.12713196275753091	-0.00039711916447515705
52.0	157.0	158.0	22000.0	3.1283280382430476	-1.044863509442255	0.30551968801887597	-2.8915277892199356	-2.8228083502241716	-1.8466642797776807	0.16814875891444103	-2.0330273732752744
53.0	159.0	160.0	21000.0	0.4383101019800648	4.211521550738151	-0.1955562051691686	5.728481656767599	-0.6338663071492334	1.5169601060294475	2.5275016884818626	4.088166179146711
53.0	159.0	161.0	21000.0	3.1950857331746505	4.204129471164242	0.20204518693583395	5.919334632511891	-2.9930405462388165	1.715205161347649	-0.46455820278373494	-1.5125442124679864
53.0	160.0	161.0	21000.0	2.7269770461880043	-0.013924469159614539	0.39760139210500256	0.19085297574429205	-2.3293756540830017	0.2047774449039066	-2.9920598912655976	-5.600710391614697
54.0	162.0	163.0	12000.0	0.6788495027453161	-0.19371175158345189	0.8175296312895171	-1.5309411578737127	0.13868012854420098	-1.3372294062902608	-1.775227849925841	-2.281036271777751
54.0	162.0	164.0	12000.0	0.06245175868764452	-0.3579043930318804	-1.181352711945351	-0.7090065903180403	-1.2438044706329956	-0.3511021972861599	-0.9556193911653992	-1.1107698316738066
54.0	163.0	164.0	12000.0	-0.450867434399866	-0.11128814737999093	-1.9988823432348681	0.8219345675556724	-1.5480149088350021	0.9332227149356633	0.8196084587604417	1.1702664401039442
55.0	165.0	166.0	11000.0	-1.9477760747410633	-0.8985523547670624	-2.740082429553013	-0.552323056798059	-0.7923063548119496	0.34622929796900337	-1.6489308476079003	-0.8757962196405202
55.0	165.0	167.0	11000.0	-1.301343320578738	-1.8142878332836485	-2.056504280985564	-2.8428868284695454	-0.7551609604068261	-1.028598995185897	-2.3637912340075076	-3.5371774028665612
55.0	166.0	167.0	11000.0	0.6608478219055174	-0.8710845724529817	0.6835781485674488	-2.2905637716714864	0.02273032666193142	-1.4194791992185047	-0.7148603863996073	-2.661381183226041
56.0	168.0	169.0	22000.0	-0.7747985960779031	-0.16575583294281504	-0.0294880717410706	-0.5641459794437651	0.7453105243368325	-0.39839014650095006	-0.7937741416158559	-1.2254537699750188
56.0	168.0	170.0	22000.0	-0.834386251646146	-0.02835519760569305	-0.29786156220995963	-0.6978304235383348	0.5365246894361864	-0.6694752259326417	-0.6783906044634165	-0.6691199776047227
56.0	169.0	170.0	22000.0	-0.09257972757497335	0.22692156584153977	-0.26837349046888903	-0.1336844440945697	-0.17579376289391568	-0.3606060099361095	0.11538353715243943	0.556333792370296
57.0	171.0	172.0	12000.0	0.998862538300731	2.4295888556959158	0.03780492168084493	-0.06773259987903657	-0.9610576166198861	-2.4973214555749523	0.5229098377555914	1.3921741570391362
57.0	171.0	173.0	12000.0	0.46528000263669345	2.962135481396526	-0.3293448108345274	3.2066790410422072	-0.7946248134712208	0.24454355964568109	1.5360881008951424	1.1491084713810693
57.0	172.0	173.0	12000.0	-0.5411687556236249	0.5372855076455245	-0.3671497325153723	3.274411640921244	0.17401902310825257	2.7371261332757193	1.013178263139551	-0.24306568565806685
58.0	174.0	175.0	21000.0	0.9626562361605631	0.1342600018538027	0.9347285662522609	-0.6995735374302967	-0.0279276699083022	-0.8338335392840994	0.4018262382141131	-1.5579976569392358
58.0	174.0	176.0	21000.0	-0.7642675732467383	1.6758862248573223	-2.272402845725537	-0.2898059409681082	-1.5081352724787989	-1.9656921658254305	-2.1422458116101524	-3.238665795107778
58.0	175.0	176.0	21000.0	-1.7917333901798065	1.5796248110792304	-3.207131411977798	0.4097675964621885	-1.4153980217979916	-1.1698572146170418	-2.5440720498242655	-1.6806681381685422
59.0	177.0	178.0	11000.0	-0.28830789783444466	-1.7925614792398914	0.012085709970051539	0.6493989427510769	0.3003936078044962	2.4419604219909683	-0.12710282643783444	-1.014064024127805
59.0	177.0	179.0	11000.0	-0.06635569802601538	-2.6828032516044535	2.08422294139973	-0.6834828859348363	2.1505786394257456	1.9993203656696172	0.23706370605017923	-2.058098296130609
59.0	178.0	179.0	11000.0	0.23415254148498388	-0.820710393581753	2.0721372314296786	-1.3328818286859132	1.8379846899446948	-0.5121714351041602	0.3641665324880137	-1.0440342720028042
60.0	180.0	181.0	21000.0	-0.8929347447063796	-1.4198260269273275	-1.7447343518826983	1.123515989432235	-0.8517996071763188	2.5433420163595626	1.4556113581153767	3.7646684075626524
60.0	180.0	182.0	21000.0	-0.7749988711606406	-1.313051246870491	-2.216580864115599	-0.20826024884149774	-1.4415819929549585	1.1047909980289932	1.5833229917987097	2.839158989861943
60.0	181.0	182.0	21000.0	0.16865651401590753	0.12225306812295234	-0.47184651223290075	-1.3317762382737328	-0.6405030262488083	-1.4540293063966852	0.12771163368333305	-0.9255094177007095
61.0	183.0	184.0	11000.0	0.3358097680699954	0.5088278124920356	1.3895739912683212	-0.0005327006103925669	1.0537642231983257	-0.5093605131024281	0.38676729576393143	-1.0348430875118737
61.0	183.0	185.0	11000.0	-0.24495650209525355	0.17670967341649124	1.6992704121619226	-0.9139321841928449	1.9442269142571762	-1.0906418576093362	-2.2218404088285553	-3.9586148591165227
61.0	184.0	185.0	11000.0	-0.5375576691016875	-0.40804594200236455	0.3096964208936015	-0.9133994835824524	0.847254089995289	-0.5053535415800878	-2.6086077045924867	-2.923771771604649
62.0	186.0	187.0	12000.0	0.11406529308637658	-0.011388933206202267	-0.6395942414922047	-0.7760601128679809	-0.7536595345785813	-0.7646711796617787	-1.0412388083877744	-1.1604918370831214
62.0	186.0	188.0	12000.0	0.03216833599110647	0.5663248250444823	-0.641322342289186	1.9559119674731846	-0.6734906782802925	1.3895871424287023	-0.9171521073393052	-0.5777056941418763
62.0	187.0	188.0	12000.0	-0.08320565444767514	0.6132360447579659	-0.00172810079698138	2.7319720803411656	0.08147755365069376	2.1187360355831997	0.1240867010484692	0.5827861429412451
63.0	189.0	190.0	22000.0	-0.12937037972435572	0.372525211030303	0.8912425011026244	-0.5878776307934004	1.02061288082698	-0.9604028418237034	0.9817336855069243	1.7643049326179323
63.0	189.0	191.0	22000.0	-0.7437817071959429	1.6321491564979107	0.9599608748117134	-0.41678152426857196	1.7037425820076564	-2.0489306807664827	1.158258168001666	2.227417547724855
63.0	190.0	191.0	22000.0	-0.6217030838332924	1.313128567559282	0.06871837370908906	0.17109610652482843	0.6904214575423815	-1.1420324610344537	0.17652448249474162	0.4631126151069225
64.0	192.0	193.0	22000.0	-0.6448856105868233	0.23504178025491562	-0.2688750949334917	1.4775586164651031	0.37601051565333155	1.2425168362101875	0.28383149890973414	1.2358275468962034
64.0	192.0	194.0	22000.0	-0.32013492792103193	0.25351281852578467	0.4574869899154237	0.43136826664749606	0.7776219178364556	0.1778554481217114	0.09600938309569074	1.4331057670654417
64.0	193.0	194.0	22000.0	0.2654197622579515	0.07363981656875396	0.7263620848489154	-1.046190349817607	0.4609423225909639	-1.119830166386361	-0.1878221158140434	0.19727822016923824
65.0	195.0	196.0	12000.0	-0.6154209518752145	1.2967756651397675	-0.06123275892196034	2.3169758996220935	0.5541881929532542	1.020200234482326	1.2635615718547797	2.1662117447716156
65.0	195.0	197.0	12000.0	-0.32774877503652355	0.6748517838939048	-1.250511852209229	2.9341470342071716	-0.9227630771727053	2.259295250313267	-0.06373857563582419	-0.3086245982556193
65.0	196.0	197.0	12000.0	0.2503717498478544	-0.46896431501751223	-1.1892790932872686	0.6171711345850781	-1.439650843135123	1.0861354496025903	-1.3273001474906039	-2.474836343027235
66.0	198.0	199.0	11000.0	-0.6533948747120881	-0.17122960239227503	-1.6809046141231647	-3.4508876435488673	-1.0275097394110766	-3.2796580411565923	0.546457472550486	4.045849399293843
66.0	198.0	200.0	11000.0	0.410806187794285	0.13947190926896447	-1.025417811365287	-0.3477446776735178	-1.436223999159572	-0.48721658694248227	-0.6102970604854505	1.6940009274444776
66.0	199.0	200.0	11000.0	1.1192651872549977	0.36409947801666487	0.6554868027578777	3.1031429658753495	-0.46377838449711994	2.7390434878586847	-1.1567545330359366	-2.3518484718493653
67.0	201.0	202.0	21000.0	0.4831904520964647	4.7594307684284525	0.7897168374881858	4.430151716233922	0.30652638539172106	-0.32927905219453013	0.08812505777700608	0.5687441490088929
67.0	201.0	203.0	21000.0	3.58583841267815	4.434473288315358	2.285117829256137	1.78445894651054	-1.300720583422013	-2.650014341804818	0.9436740679147135	1.1076102997917587
67.0	202.0	203.0	21000.0	3.137385770804019	-0.40402164872552504	1.4954009917679514	-2.6456927697233823	-1.6419847790360675	-2.2416711209978573	0.8555490101377075	0.5388661507828658
68.0	204.0	205.0	11000.0	-0.22103194529918202	-2.5027337628137962	0.02295603777179167	-2.356933220074552	0.2439879830709737	0.14580054273924414	-0.09500905604991772	0.31723950836240533
68.0	204.0	206.0	11000.0	-0.13542525857709897	-3.410450355652179	1.9554235715004324	-3.0628002047274094	2.0908488300775314	0.34765015092476936	0.13902017270993383	0.7501922291934875
68.0	205.0	206.0	11000.0	0.0929223588824506	-0.8282134383222655	1.9324675337286408	-0.7058669846528574	1.8395451748461902	0.1223464536694081	0.23402922875985155	0.43295272083108216
69.0	207.0	208.0	21000.0	-0.1806486133133065	1.1423645850067796	-0.1412273422816952	2.481682394649397	0.039421271031611305	1.3393178096426173	-0.7534789103307844	0.12299705327554022
69.0	207.0	209.0	21000.0	-0.2721026041463839	1.5132482128125258	-1.1980459458706036	2.386455104577635	-0.9259433417242198	0.8732068917651095	0.033346603984810486	-0.4851587580793222
69.0	208.0	209.0	21000.0	-0.14852104124256993	0.35491454691883284	-1.0568186035889084	-0.09522729007176167	-0.9082975623463385	-0.4501418369905945	0.7868255143155949	-0.6081558113548624
70.0	210.0	211.0	22000.0	1.357621566715986	-2.4741193138347137	-0.5372765776783126	-4.205453886568648	-1.8948981443942987	-1.7313345727339344	-1.990758303355463	-3.5159035162634353
70.0	210.0	212.0	22000.0	0.799498960607683	-3.7423967975304375	-1.727800224511725	-5.435158215255342	-2.527299185119408	-1.6927614177249044	-1.4068198563910812	-1.9630967680307805
70.0	211.0	212.0	22000.0	-0.5480960463987232	-1.2693865885648634	-1.1905236468334124	-1.2297043286866938	-0.6424276004346892	0.039682259878169646	0.5839384469643818	1.5528067482326549
71.0	213.0	214.0	12000.0	0.15099439482533938	-2.8210850993593635	1.7464383480345305	0.03775336073226754	1.595443953209191	2.858838460091631	-1.459060619742587	-1.4523895627686727
71.0	213.0	215.0	12000.0	1.3496970672134898	-6.062920881106564	2.3473036190179073	-3.496937585177193	0.9976065518044175	2.565983295929371	-1.0066494507580899	-2.9513218782691837
71.0	214.0	215.0	12000.0	1.1702775973282868	-3.2293414810473973	0.6008652709833768	-3.5346909459094604	-0.56941232634491	-0.30534946486206316	0.4524111689844972	-1.498932315500511
72.0	216.0	217.0	21000.0	0.7587050072728481	0.1299702473856419	0.25670435623783305	0.23942850891739909	-0.502000651035015	0.1094582615317572	0.30281371285626335	1.0417049267394987
72.0	216.0	218.0	21000.0	-0.4885417911451695	-2.9507374742966777	-4.10925465374487	-3.320967369248592	-3.6207128625997003	-0.3702298949519145	-0.26100757357289694	-0.24660769013911477
72.0	217.0	218.0	21000.0	-1.3165358824242626	-3.1444803531823053	-4.365959009982703	-3.5603958781659912	-3.0494231275584402	-0.4159155249836859	-0.5638212864291603	-1.2883126168786134
73.0	219.0	220.0	22000.0	0.5353410936313585	-1.822476059494747	-0.30409672968767154	-0.22236376432465477	-0.83943782331903	1.6001122951700921	-1.1180346620284638	-1.849556347441208
73.0	219.0	221.0	22000.0	0.6678197700922635	-1.7754882767563194	-0.04304548670302211	-2.0285072554363524	-0.7108652567952856	-0.253018978680033	-0.40079067070908536	-2.9231598044386473
73.0	220.0	221.0	22000.0	0.1972453350545189	0.06365198396232774	0.26105124298464943	-1.8061434911116976	0.06380590793013052	-1.8697954750740253	0.7172439913193784	-1.0736034569974393
74.0	222.0	223.0	12000.0	-0.793404605194497	0.3534411001948241	-1.0793461011619456	1.6212345824408203	-0.28594149596744867	1.2677934822459962	-0.6438063266208331	-0.22216605857488503
74.0	222.0	224.0	12000.0	-0.6169909424411646	0.738952727659079	-1.1175310601491901	3.07797828391017	-0.5005401177080255	2.339025556251091	1.5461964257077767	2.4334110742351953
74.0	223.0	224.0	12000.0	0.13568864998401153	0.2834633686714616	-0.0381849589872445	1.4567437014693496	-0.17387360897125603	1.173280332797888	2.19000275232861	2.6555771328100803
75.0	225.0	226.0	11000.0	-0.14895416966771258	-0.8901066416005694	-0.9317754351905023	-0.22249374096736574	-0.7828212655227897	0.6676129006332037	-3.091248980060101	-2.1664530634911188
75.0	225.0	227.0	11000.0	-0.05412360801517835	-1.8820328077803463	1.0284036487277035	-1.4386973600394413	1.0825272567428819	0.44333544774090505	-1.20607449133648	0.46980037680268083
75.0	226.0	227.0	11000.0	0.050679906153057175	-0.9978100863950159	1.9601790839182058	-1.2162036190720755	1.9094991777651487	-0.21839353267705963	1.8851744887236208	2.6362534402937996
76.0	228.0	229.0	11000.0	-1.180633336465017	0.2762196513046957	0.867058376230375	0.6854456140563343	2.047691712695392	0.4092259627516386	2.870787330912961	3.478127261310121
76.0	228.0	230.0	11000.0	-1.6055031588724757	0.2659228766251198	3.4561312422972605	1.3568364984644177	5.061634401169736	1.0909136218392979	1.9117506319231268	2.7175052625019447
76.0	229.0	230.0	11000.0	-0.30242435782171917	0.07002984433422377	2.5890728660668856	0.6713908844080834	2.8914972238886048	0.6013610400738596	-0.9590366989898342	-0.7606219988081762
77.0	231.0	232.0	22000.0	0.5161178205934709	-0.44444311273443216	-0.7276474740615413	0.2552910279648586	-1.2437652946550122	0.6997341406992907	2.3624849078154	2.2975937725267954
77.0	231.0	233.0	22000.0	-0.011584007966950693	0.8433491132284558	-0.3725658583564382	0.7800785231770533	-0.3609818503894875	-0.06327059005140256	2.6047393146316438	0.44285012049219574
77.0	232.0	233.0	22000.0	-0.6656372516751716	1.3307842850287734	0.3550816157051031	0.5247874952121947	1.0207188673802747	-0.8059967898165787	0.24225440681624377	-1.8547436520345997
78.0	234.0	235.0	12000.0	0.040011911468722516	-0.8859945920322048	1.2590739470256267	-1.49674523861313	1.2190620355569042	-0.6107506465809251	0.34107553256806966	-1.6320304403009942
78.0	234.0	236.0	12000.0	-1.1625827277740282	-1.7058047551937152	-0.6564295988740696	-0.47191725400375617	0.5061531288999586	1.233887501189959	-1.0795138945385645	-2.0154027036141144
78.0	235.0	236.0	12000.0	-1.2156861821558786	-0.7981807554230782	-1.9155035458996963	1.0248279846093737	-0.6998173637438176	1.823008740032452	-1.4205894271066342	-0.38337226331312024
79.0	237.0	238.0	21000.0	3.0342663104877277	-0.5804786994098512	3.0964106390616735	-1.4825274434301718	0.062144328573945806	-0.9020487440203206	-0.6723862266865837	0.9399505726975832
79.0	237.0	239.0	21000.0	1.939503735095487	-1.3782796770675487	0.0916667141908647	0.5714691702587515	-1.8478370209046222	1.9497488473263003	0.5254807251721019	2.361331261152401
79.0	238.0	239.0	21000.0	-1.1224332758901134	-0.8105028140999506	-3.0047439248708088	2.0539966136889234	-1.8823106489806953	2.864499427788874	1.1978669518586855	1.4213806884548177
80.0	240.0	241.0	22000.0	0.48417271166016196	0.022248939904375042	1.9906806665961767	0.08431760196413052	1.5065079549360147	0.062068662059755475	1.0468912861783792	0.7489372530253036
80.0	240.0	242.0	22000.0	0.35645554171761695	-0.14707210473065224	1.881633211860617	-1.8633596689719525	1.525177670143	-1.7162875642413002	1.0059413433103828	-0.44244793950588956
80.0	241.0	242.0	22000.0	-0.06378624464652383	-0.18954009481564427	-0.10904745473555977	-1.947677270936083	-0.04526121008903594	-1.7581371761204387	-0.04094994286799647	-1.1913851925311931
81.0	243.0	244.0	21000.0	-0.06922472589094841	0.8776867051954298	-2.019732834262868	0.33739631417574856	-1.9505081083719196	-0.5402903910196812	-4.200298637922799	-6.1851780853533285
81.0	243.0	245.0	21000.0	0.11859233290446003	0.4098192560826037	-3.07738547637814	-0.5188144164349069	-3.1959778092826	-0.9286336725175106	-1.8507049029827272	-2.269791486884685
81.0	244.0	245.0	21000.0	0.25335489238111286	-0.33241658565861876	-1.057652642115272	-0.8562107306106554	-1.311007534496385	-0.5237941449520367	2.349593734940072	3.9153865984686433
82.0	246.0	247.0	11000.0	-3.1399032063507395	0.17152077777635188	-5.8708338195249326	-1.1806799603514264	-2.730930613174193	-1.3522007381277783	0.9524795328154596	-1.208282476460866
82.0	246.0	248.0	11000.0	-1.6195486210338093	4.439435373097164	-6.309011321259959	0.9817441017269175	-4.68946270022615	-3.457691271370247	0.2885470227806337	0.8446855518168519
82.0	247.0	248.0	11000.0	1.5552329832094234	4.288101669080329	-0.43817750173502645	2.162424062078344	-1.9934104849444498	-2.125677607001985	-0.6639325100348259	2.052968028277718
83.0	249.0	250.0	12000.0	-0.260730453436004	0.9324805910851737	1.1713535875688876	2.7753924350306534	1.4320840410048916	1.8429118439454797	-0.9536824225517506	-0.7027521479614904
83.0	249.0	251.0	12000.0	0.34526808177023494	0.3074047183636317	2.0976944108060707	1.7679485244241278	1.7524263290358357	1.460543806060496	-1.124957290974919	-2.9461041976254165
83.0	250.0	251.0	12000.0	0.6485198001863735	-0.5024696798488879	0.926340823237183	-1.0074439106065256	0.2778210230508096	-0.5049742307576377	-0.1712748684231684	-2.243352049663926
84.0	252.0	253.0	12000.0	1.0119320744874978	0.04151154185656658	0.4769742441409335	-1.1905933989050936	-0.5349578303465643	-1.2321049407616602	-2.73246602013495	-3.851106836970331
84.0	252.0	254.0	12000.0	0.11448674985389218	-1.093289607822272	-1.43070834148034	1.6601289444788563	-1.5451950913342323	2.7534185523011283	-2.16970334935894	-4.179927806199558
84.0	253.0	254.0	12000.0	-0.8817307824601741	-1.1030986713051725	-1.9076825856212736	2.85072234338395	-1.0259518031610995	3.9538210146891224	0.56276267077601	-0.328820969229227
85.0	255.0	256.0	21000.0	-1.0190962760230828	0.3187165163739074	-0.3176351057181819	-1.5286302899903603	0.701461170304901	-1.8473468063642677	0.15282485177350225	-0.5074019260695266
85.0	255.0	257.0	21000.0	-0.9113714082107682	1.34834116747966	-1.9448149512838881	1.4665898023324644	-1.03344354307312	0.11824863485280446	0.9936559109878971	1.6808489427120747
85.0	256.0	257.0	21000.0	0.15117992830676652	1.0509378657474135	-1.6271798455657063	2.9952200923228247	-1.7783597738724728	1.9442822265754112	0.8408310592143948	2.1882508687816014
86.0	258.0	259.0	11000.0	2.6019251139539685	2.1110939241674114	4.6439412337629165	3.406260954916206	2.042016119808948	1.2951670307487948	-0.7066478860335792	-0.6559225818172791
86.0	258.0	260.0	11000.0	4.757101563465197	3.6484324352858035	9.96780822110145	3.390557676495064	5.210706657636253	-0.25787475879073973	-1.679248353304871	-3.2192818402779153
86.0	259.0	260.0	11000.0	2.088067886094037	1.443079912172827	5.323866987338533	-0.015703278421142386	3.2357991012444964	-1.4587831905939694	-0.9726004672712918	-2.563359258460636
87.0	261.0	262.0	22000.0	1.063992335023591	1.2239753081684706	2.025131404063586	2.2588465329904466	0.9611390690399952	1.034871224821976	2.957227660606776	5.30814077893892
87.0	261.0	263.0	22000.0	0.2684007344493953	2.451113017263965	0.38974306639897804	2.0770761241722084	0.12134233194958277	-0.37403689309175636	0.36986700720622423	1.094241095775601
87.0	262.0	263.0	22000.0	-0.8148305318998084	1.3044332775275826	-1.6353883376646081	-0.18177040881823814	-0.8205578057647998	-1.4862036863458208	-2.5873606534005518	-4.213899683163319
88.0	264.0	265.0	12000.0	-1.924286831775479	1.3343736110937492	-2.893874272047128	2.8011852273280056	-0.9695874402716491	1.4668116162342564	0.38996205757477753	1.005726451645259
88.0	264.0	266.0	12000.0	-1.038569266280641	0.9649317520259881	-2.172778499229821	3.217525424219957	-1.1342092329491802	2.252593672193969	-0.244967463284965	1.5883842542281883
88.0	265.0	266.0	12000.0	0.7973407540812403	-0.3484515793702494	0.7210957728173071	0.41634019689195156	-0.0762449812639332	0.764791776262201	-0.6349295208597425	0.5826578025829292
89.0	267.0	268.0	21000.0	0.7893944166594968	-0.9116803375936442	-0.5273796758933713	-0.47223723478145985	-1.3167740925528681	0.43944310281218435	0.19073609103866573	1.7463341844048799
89.0	267.0	269.0	21000.0	0.5160096665529661	-2.360074117521906	-1.2860056881891069	-0.9420770568012813	-1.802015354742073	1.4179970607206247	-0.0979695114374195	2.1010973296418243
89.0	268.0	269.0	21000.0	-0.20693339596130933	-1.4328490903397233	-0.7586260122957356	-0.46983982201982144	-0.5516926163344262	0.9630092683199019	-0.28870560247608523	0.3547631452369444
90.0	270.0	271.0	11000.0	0.6099382661509818	-1.0993865048086375	1.6748851277689027	-1.8150253678004447	1.064946861617921	-0.7156388629918071	-0.7905536695403583	-2.7558011883714926
90.0	270.0	272.0	11000.0	0.0077581352594569	-0.32697441899532276	3.1183810451088902	-2.826426166872352	3.1106229098494333	-2.4994517478770293	1.1014330546826585	-2.3787939773584412
90.0	271.0	272.0	11000.0	-0.6138521370704488	0.7391000110853936	1.4434959173399875	-1.0114007990719074	2.0573480544104363	-1.750500810157301	1.8919867242230168	0.37700721101305135
91.0	273.0	274.0	22000.0	0.09495247747833968	-0.9108526630071587	0.008638808479418003	-1.067003460240585	-0.08631366899892168	-0.15615079723342618	-1.0669481569184143	-0.9964433648996192
91.0	273.0	275.0	22000.0	0.8788028079672179	0.598009589206435	2.183480429080987	-2.052316270834808	1.3046776211137692	-2.650325860041243	-2.737206103662487	-4.475678181769254
91.0	274.0	275.0	22000.0	0.7897813002239227	1.526836348847147	2.174841620601569	-0.9853128105942233	1.3850603203776464	-2.5121491594413703	-1.6702579467440728	-3.479234816869635
92.0	276.0	277.0	21000.0	0.6303637225280179	-0.4337486376876045	0.8441711411675215	-1.9515076145908097	0.2138074186395036	-1.5177589769032052	-0.7833392741978784	-1.9738347383542987
92.0	276.0	278.0	21000.0	-0.4073273846303218	0.6068227444023249	-3.810170690124778	-0.547736718001488	-3.4028433054944562	-1.154559462403813	-0.05475471352121275	-1.9829540506010375
92.0	277.0	278.0	21000.0	-1.0375461242812305	1.1165448457922045	-4.6543418312922995	1.4037708965893216	-3.616795707011069	0.28722605079711716	0.7285845606766657	-0.009119312246738787
93.0	279.0	280.0	22000.0	-0.903625524913215	-0.9388590967622292	-1.0731100058992524	1.5782122571940818	-0.1694844809860374	2.517071353956311	1.4588794145206805	0.8222308380173757
93.0	279.0	281.0	22000.0	-1.5235020250642863	-1.7334952585133392	-2.095257262523319	0.05984629759723248	-0.5717552374590325	1.7933415561105717	-0.041270832991841644	2.719895297811746
93.0	280.0	281.0	22000.0	-0.6317627337609864	-0.7305720461887262	-1.0221472566240664	-1.5183659595968493	-0.39038452286308	-0.7877939134081231	-1.5001502475125221	1.8976644597943704
94.0	282.0	283.0	11000.0	-0.6150190475761184	1.0934743306590997	0.6398872900845163	0.7675149869644429	1.2549063376606346	-0.32595934369465684	1.047648492604111	1.7445245996712586
94.0	282.0	284.0	11000.0	-0.30560684458612286	3.336027691274947	1.901281272091751	3.9550122372675105	2.2068881166778738	0.6189845459925634	1.5851042611107573	3.7997384325317043
94.0	283.0	284.0	11000.0	0.2984015722830904	2.239554212373746	1.2613939820072346	3.1874972503030676	0.9629924097241442	0.9479430379293214	0.5374557685066463	2.0552138328604457
95.0	285.0	286.0	12000.0	0.2980318934700774	-0.8233411698448094	-1.2310020019400554	0.643931318706791	-1.5290338954101328	1.4672724885516004	1.1334743448813356	1.2282876569677654
95.0	285.0	287.0	12000.0	0.7323490037445826	-1.1255005289542321	-0.05406356274238533	1.0436647307360545	-0.7864125664869679	2.1691652596902866	0.7243835029226204	0.13064362358221615
95.0	286.0	287.0	12000.0	0.3838692899404217	-0.329106803087746	1.17693843919767	0.3997334120292635	0.7930691492572484	0.7288402151170095	-0.40909084195871515	-1.0976440333855493
96.0	288.0	289.0	12000.0	-0.6083172368095973	0.3677865043435897	-1.8361890101680274	1.4016269885710244	-1.2278717733584301	1.0338404842274347	1.0631379400879553	2.5124983800071163
96.0	288.0	290.0	12000.0	-2.103901744712747	1.8635770780845746	-1.7838926568842908	4.299171575294167	0.3200090878284563	2.4355944972095926	3.9069119489197703	5.239133228476362
96.0	289.0	290.0	12000.0	-1.4326832746945666	1.4073577700096296	0.05229635328373661	2.897544586723143	1.4849796279783032	1.4901868167135133	2.843774008831815	2.7266348484692458
97.0	291.0	292.0	22000.0	0.9767787413354121	-0.08406851919353286	2.157127355989587	-0.03138812931501889	1.180348614654175	0.05268038987851398	-0.9405654663473086	-1.1875203395133553
97.0	291.0	293.0	22000.0	1.7687712383177212	-0.12688416986824524	0.40429287918937007	-0.15162320394915696	-1.3644783591283511	-0.024739034080911715	-0.7296817217245888	-0.5505806989120288
97.0	292.0	293.0	22000.0	0.684621608170005	-0.13566987968642863	-1.752834476800217	-0.12023507463413807	-2.437456084970222	0.015434805052290557	0.21088374462271986	0.6369396406013266
98.0	294.0	295.0	21000.0	-0.0008980718276054844	-1.1114336858914529	-0.8262975865100088	-0.9779816539446529	-0.8253995146824034	0.1334520319468	1.364082116217503	0.6119425240254799
98.0	294.0	296.0	21000.0	0.36830869944128874	-2.217530513491756	-0.8232546448389257	-3.656404474614874	-1.1915633442802145	-1.438873961123118	2.358697034107692	0.16718709334351445
98.0	295.0	296.0	21000.0	0.33784295348509463	-1.0074944099438392	0.003042941671083099	-2.678422820670221	-0.33480001181401153	-1.6709284107263818	0.9946149178901891	-0.44475543068196544
99.0	297.0	298.0	11000.0	-0.1343822174031093	0.2532941363987753	-0.3315431986754902	0.047052976901341026	-0.1971609812723809	-0.20624115949743427	0.29441668514510866	-0.6008311256731247
99.0	297.0	299.0	11000.0	0.010876074400592017	-0.0012886891881827012	-3.734821964088951	4.060471989053667	-3.745698038489543	4.06176067824185	3.8722839772254076	3.466485098583682
99.0	298.0	299.0	11000.0	0.1269200622584883	-0.2578243648818983	-3.403278765413461	4.013419012152326	-3.530198827671949	4.271243377034224	3.577867292080299	4.067316224256807
